year,state_code,dist_code,pending_cases,solved_cases,total_cases,total_days,mean_decision_days
2010,1,1,117,6586,6703,4794742.0,728.0203461888855
2010,1,2,471,12477,12948,10581441.0,848.0757393604232
2010,1,3,1012,26692,27704,24386785.0,913.6364828413008
2010,1,4,867,17644,18511,13983406.0,792.5303785989571
2010,1,5,949,13453,14402,12429801.0,923.9426893629674
2010,1,7,769,22533,23302,18552188.0,823.3341321617183
2010,1,8,51,20119,20170,14730358.0,732.1615388438789
2010,1,9,4549,68068,72617,40314528.0,592.268437444908
2010,1,10,142,5963,6105,5402523.0,906.007546536978
2010,1,11,132,4468,4600,5009014.0,1121.0863921217547
2010,1,12,14,6634,6648,2088620.0,314.83569490503464
2010,1,13,739,11197,11936,11185803.0,999.0
2010,1,14,1140,23398,24538,16719046.0,714.5502179673476
2010,1,15,2156,19448,21604,17148969.0,881.7857363225011
2010,1,17,528,16582,17110,12577569.0,758.5073573754673
2010,1,18,608,13192,13800,9457254.0,716.8931170406307
2010,1,19,2520,34386,36906,25110781.0,730.2617635084046
2010,1,20,3098,34964,38062,29866521.0,854.2077851504405
2010,1,21,7742,37750,45492,31670454.0,838.9524238410596
2010,1,23,11641,71688,83329,70602005.0,984.8510908380761
2010,1,24,1722,14064,15786,10725785.0,762.6411405005688
2010,1,25,7953,55300,63253,46420676.0,839.4335623869802
2010,1,26,1935,31413,33348,29808744.0,948.9301881386687
2010,1,27,1191,32366,33557,19881893.0,614.2832911079528
2010,1,28,1331,18834,20165,16739503.0,888.791706488266
2010,1,29,671,16803,17474,12337676.0,734.254359340594
2010,1,30,2102,26556,28658,24269347.0,913.8931691519807
2010,1,31,1149,18876,20025,17445396.0,924.2104259376987
2010,1,32,206,8239,8445,4635187.0,562.5909697778857
2010,1,33,156,5142,5298,3133883.0,609.4677168416958
2010,1,34,1693,21531,23224,19136999.0,888.811434675584
2010,1,35,791,18392,19183,14167000.0,770.2805567638103
2010,1,36,261,9126,9387,7573270.0,829.8564540872234
2010,1,37,1559,20635,22194,10367887.0,502.4418221468379
2010,1,38,1205,5933,7138,5301090.0,893.4923310298332
2010,1,39,66,2571,2637,4444431.0,1728.6779463243874
2010,1,40,941,9224,10165,12610169.0,1367.1041847354727
2010,1,41,353,1961,2314,1395381.0,711.566037735849
2010,1,42,22,17468,17490,9682906.0,554.3225326310969
2010,1,43,18,33,51,69400.0,2103.030303030303
2010,2,2,281,7267,7548,6806290.0,936.6024494289253
2010,2,3,331,8130,8461,11138511.0,1370.0505535055352
2010,2,4,219,11753,11972,10964367.0,932.8994299327832
2010,2,5,309,14225,14534,11077150.0,778.7100175746924
2010,2,7,174,6259,6433,5496546.0,878.182776801406
2010,2,10,239,4651,4890,5455081.0,1172.8834659213073
2010,2,11,277,14463,14740,15077397.0,1042.4806056834682
2010,2,15,220,5196,5416,6994594.0,1346.1497305619707
2010,2,17,293,8643,8936,7917092.0,916.012032858961
2010,2,19,98,4413,4511,4172118.0,945.4153636981645
2010,2,20,520,19735,20255,19673085.0,996.8626805168483
2010,2,21,63,2801,2864,2565034.0,915.7565155301678
2010,2,23,358,8440,8798,9118539.0,1080.3956161137442
2010,3,1,1293,24914,26207,22874429.0,918.1355462792004
2010,3,2,342,16525,16867,8215528.0,497.1575189107413
2010,3,3,511,11282,11793,7655828.0,678.587839035632
2010,3,4,285,18193,18478,8813091.0,484.4220854174683
2010,3,5,2676,14610,17286,6435493.0,440.4854893908282
2010,3,6,204,10806,11010,6673910.0,617.6115121228947
2010,3,7,70,4850,4920,2438866.0,502.85896907216494
2010,3,8,120,5573,5693,3098979.0,556.0701596985466
2010,3,9,311,15623,15934,9101925.0,582.5977725148819
2010,3,10,303,19065,19368,9206145.0,482.88198269079464
2010,3,11,148,15141,15289,9123227.0,602.5511524998349
2010,3,12,118,16985,17103,8768827.0,516.2688843096851
2010,3,13,114,15053,15167,6936162.0,460.7827011226998
2010,3,14,338,21645,21983,8808816.0,406.9677061677062
2010,3,15,561,19651,20212,10595540.0,539.1857920716503
2010,3,16,374,11369,11743,5817343.0,511.68466883630924
2010,3,17,139,10633,10772,6467786.0,608.2748048528167
2010,3,18,939,23423,24362,14084359.0,601.3046578149682
2010,3,19,574,11740,12314,7588358.0,646.3678023850085
2010,3,20,4060,87359,91419,75281139.0,861.7445140168729
2010,3,21,3051,8741,11792,12163245.0,1391.5164168859399
2010,3,22,1346,20607,21953,13257308.0,643.3400300868636
2010,3,23,425,24658,25083,14517683.0,588.7615783924082
2010,3,24,436,3694,4130,6033996.0,1633.4585814834868
2010,3,25,129,4935,5064,3090211.0,626.1825734549138
2010,3,26,1236,26200,27436,18647971.0,711.7546183206107
2010,3,27,133,5172,5305,4661497.0,901.2948569218871
2010,3,28,831,6302,7133,6622976.0,1050.9324024119328
2010,3,29,372,7544,7916,4950243.0,656.1827942735949
2010,3,30,31,3927,3958,1645000.0,418.8948306595365
2010,4,1,60,6671,6731,4383850.0,657.1503522710238
2010,4,2,820,27927,28747,20662677.0,739.8817273606188
2010,4,3,218,6522,6740,8602646.0,1319.0196258816313
2010,4,4,589,24095,24684,21783071.0,904.0494293421872
2010,4,5,114,21026,21140,11610549.0,552.1996100066584
2010,4,6,181,9206,9387,11383858.0,1236.5694112535302
2010,4,7,78,6947,7025,4241299.0,610.5223837627753
2010,4,8,399,12065,12464,11151848.0,924.3139660174057
2010,4,9,2281,11746,14027,19779612.0,1683.9444917418696
2010,4,10,116,13903,14019,8213365.0,590.7620657412069
2010,4,11,49,15885,15934,10975185.0,690.915014164306
2010,4,12,513,10074,10587,9646956.0,957.6092912447886
2010,4,13,2,10,12,19306.0,1930.6
2010,4,15,529,36730,37259,30911970.0,841.6000544514021
2010,4,16,36,8733,8769,4040029.0,462.6163975724264
2010,5,1,122,2319,2441,3097859.0,1335.8598533850798
2010,5,2,583,4469,5052,6988268.0,1563.7207428955023
2010,5,3,77,2373,2450,2962010.0,1248.213232195533
2010,5,4,548,2549,3097,4125563.0,1618.5025500196155
2010,5,5,218,3065,3283,4449868.0,1451.8329526916802
2010,5,6,282,5076,5358,5864853.0,1155.4083924349882
2010,5,7,310,1681,1991,2828058.0,1682.3664485425343
2010,5,8,141,1064,1205,1486403.0,1396.9953007518798
2010,5,9,21,932,953,1395968.0,1497.8197424892703
2010,5,10,54,1434,1488,1910811.0,1332.5041841004183
2010,5,11,287,935,1222,1315499.0,1406.9508021390375
2010,6,1,729,13971,14700,15211879.0,1088.8181948321524
2010,6,2,58,1312,1370,1736299.0,1323.3986280487804
2010,6,3,57,1989,2046,2430397.0,1221.9190548014078
2010,6,4,11,1784,1795,1880783.0,1054.2505605381166
2010,6,5,17,1058,1075,1192869.0,1127.4754253308129
2010,6,6,106,2714,2820,3608601.0,1329.6245394252026
2010,6,7,117,2093,2210,2844548.0,1359.076923076923
2010,6,8,90,1607,1697,2331612.0,1450.9097697573118
2010,6,9,18,684,702,669175.0,978.3260233918129
2010,6,10,324,3625,3949,5110870.0,1409.895172413793
2010,6,11,18,1129,1147,1268656.0,1123.6988485385298
2010,6,12,54,1001,1055,1530088.0,1528.5594405594406
2010,6,13,241,2215,2456,3548220.0,1601.9051918735893
2010,6,15,15,957,972,909132.0,949.9811912225705
2010,6,16,125,1956,2081,3542732.0,1811.2126789366052
2010,6,17,2,371,373,293834.0,792.0053908355795
2010,6,18,57,1695,1752,2373163.0,1400.0961651917405
2010,6,19,41,698,739,928220.0,1329.8280802292263
2010,6,20,88,2947,3035,3777636.0,1281.8581608415338
2010,6,21,49,1166,1215,1579397.0,1354.5428816466551
2010,6,22,28,369,397,511109.0,1385.119241192412
2010,6,23,40,26,66,74916.0,2881.3846153846152
2010,6,24,2,28,30,51083.0,1824.392857142857
2010,6,25,15,8,23,23695.0,2961.875
2010,6,26,164,28,192,81942.0,2926.5
2010,6,27,0,1,1,2738.0,2738.0
2010,6,28,6,2,8,5947.0,2973.5
2010,7,1,293,1949,2242,2647429.0,1358.3524884556182
2010,7,2,235,1300,1535,2476822.0,1905.2476923076922
2010,7,3,186,1372,1558,2649976.0,1931.469387755102
2010,7,4,114,952,1066,1610893.0,1692.1144957983192
2010,7,5,152,831,983,1559019.0,1876.0758122743682
2010,7,6,467,966,1433,1871870.0,1937.7536231884058
2010,7,7,934,2620,3554,4833520.0,1844.854961832061
2010,7,8,17,658,675,976313.0,1483.758358662614
2010,7,9,993,6200,7193,9843401.0,1587.6453225806451
2010,7,10,1145,2350,3495,4619133.0,1965.588510638298
2010,7,11,796,3589,4385,6819977.0,1900.2443577598217
2010,7,12,33,745,778,1176907.0,1579.7409395973154
2010,7,13,133,1075,1208,2193914.0,2040.8502325581396
2010,7,14,132,486,618,951858.0,1958.5555555555557
2010,7,15,122,569,691,980545.0,1723.2776801405976
2010,7,16,168,1524,1692,2922355.0,1917.5557742782153
2010,7,17,612,2077,2689,4038929.0,1944.5974963890226
2010,7,18,7,210,217,302122.0,1438.6761904761904
2010,7,19,70,1379,1449,1456911.0,1056.4981870920958
2010,7,20,608,1090,1698,2359222.0,2164.4238532110094
2010,7,21,19,474,493,739175.0,1559.4409282700421
2010,7,22,966,2146,3112,5177712.0,2412.726933830382
2010,7,23,89,78,167,228756.0,2932.769230769231
2010,7,24,21,38,59,108465.0,2854.342105263158
2010,8,1,10812,7960,18772,8609255.0,1081.5646984924624
2010,8,2,1534,1938,3472,3853077.0,1988.171826625387
2010,8,3,3706,2584,6290,6138453.0,2375.562306501548
2010,8,4,1198,1814,3012,3826860.0,2109.625137816979
2010,8,5,2351,2183,4534,4411546.0,2020.8639486944571
2010,8,6,2323,3087,5410,6734667.0,2181.6219630709425
2010,8,7,1570,706,2276,1360644.0,1927.257790368272
2010,8,9,2393,2412,4805,5410448.0,2243.1376451077945
2010,8,10,3222,1406,4628,3495095.0,2485.8428165007113
2010,8,11,1852,1102,2954,2253640.0,2045.0453720508167
2010,8,12,1024,1077,2101,2332286.0,2165.539461467038
2010,8,13,3116,2113,5229,4394921.0,2079.943681968765
2010,8,14,1451,931,2382,1873778.0,2012.6509129967776
2010,8,15,1685,912,2597,1935980.0,2122.785087719298
2010,8,16,598,1853,2451,3796355.0,2048.761467889908
2010,8,17,2229,2415,4644,4986316.0,2064.727122153209
2010,8,18,2871,2521,5392,5470076.0,2169.8040460134866
2010,8,19,1489,530,2019,1208589.0,2280.356603773585
2010,8,20,345,475,820,1083337.0,2280.7094736842105
2010,8,21,2528,743,3271,1633033.0,2197.8909825033647
2010,8,22,1656,773,2429,1704205.0,2204.6636481241912
2010,8,23,2928,2242,5170,5082259.0,2266.8416592328276
2010,8,24,2255,1351,3606,2932596.0,2170.685418208734
2010,8,25,587,503,1090,1160790.0,2307.7335984095425
2010,8,26,2004,1458,3462,3003834.0,2060.2427983539096
2010,8,27,318,704,1022,1689299.0,2399.572443181818
2010,8,28,3468,948,4416,1966579.0,2074.450421940928
2010,8,29,3731,1320,5051,3073135.0,2328.132575757576
2010,8,30,3416,788,4204,1923117.0,2440.503807106599
2010,8,31,1804,855,2659,2072489.0,2423.9637426900586
2010,8,33,2979,85,3064,226473.0,2664.3882352941177
2010,8,34,3242,634,3876,1579587.0,2491.46214511041
2010,8,35,3183,38,3221,114671.0,3017.657894736842
2010,8,36,1339,33,1372,101917.0,3088.3939393939395
2010,8,37,130,15,145,43352.0,2890.133333333333
2010,8,38,5401,116,5517,347879.0,2998.956896551724
2010,8,39,2776,59,2835,179977.0,3050.4576271186443
2010,9,1,138,2694,2832,3397319.0,1261.0686711210096
2010,9,2,2333,8077,10410,14148395.0,1751.6893648631917
2010,9,3,635,2768,3403,4749574.0,1715.8865606936415
2010,9,4,7883,20571,28454,38377296.0,1865.6018667055564
2010,9,5,526,3112,3638,5496112.0,1766.1028277634962
2010,9,6,1178,3784,4962,6410092.0,1693.9989429175475
2010,9,7,1191,6847,8038,10584344.0,1545.8367168102818
2010,9,8,557,3317,3874,5644238.0,1701.609285498945
2010,9,9,1500,7709,9209,11458433.0,1486.3708652224673
2010,9,10,369,4658,5027,5242681.0,1125.521897810219
2010,9,11,665,4200,4865,7279311.0,1733.1692857142857
2010,9,12,389,4514,4903,4554963.0,1009.074656623837
2010,9,13,615,4544,5159,7309274.0,1608.5550176056338
2010,9,14,1480,8790,10270,14201283.0,1615.6180887372013
2010,9,18,664,4208,4872,7466726.0,1774.412072243346
2010,9,19,1109,4687,5796,7463904.0,1592.469383400896
2010,9,20,2414,7401,9815,13046704.0,1762.829887852993
2010,9,21,335,1646,1981,2760977.0,1677.3857837181044
2010,9,22,501,2906,3407,4933287.0,1697.621128699243
2010,9,23,92,1536,1628,2498802.0,1626.82421875
2010,9,24,25,1255,1280,1856505.0,1479.2868525896415
2010,9,25,207,1573,1780,2736315.0,1739.551811824539
2010,9,26,283,1950,2233,3181465.0,1631.5205128205127
2010,9,27,613,2177,2790,4028043.0,1850.2723932016536
2010,9,28,1886,3354,5240,6504815.0,1939.4200954084674
2010,9,29,458,1949,2407,3388902.0,1738.7901487942534
2010,9,30,794,4606,5400,7848218.0,1703.9118541033436
2010,9,31,788,4487,5275,8150334.0,1816.4328058836638
2010,9,32,195,1174,1369,2409476.0,2052.3645655877344
2010,9,33,467,1904,2371,3179951.0,1670.142331932773
2010,9,34,477,994,1471,1918143.0,1929.721327967807
2010,9,35,1065,4185,5250,7544118.0,1802.6566308243728
2010,9,36,216,2562,2778,4058078.0,1583.9492583918814
2010,9,38,828,6729,7557,10368864.0,1540.9219794917522
2010,9,39,876,1166,2042,2281160.0,1956.3979416809605
2010,9,40,1091,7455,8546,13961159.0,1872.7242119382965
2010,10,1,193,1739,1932,2410008.0,1385.8585393904543
2010,10,2,266,2616,2882,4060309.0,1552.105886850153
2010,10,3,499,9412,9911,14085663.0,1496.5642796430088
2010,10,4,205,3202,3407,4195586.0,1310.3016864459712
2010,10,5,260,3174,3434,4776823.0,1504.9851921865154
2010,10,6,75,1515,1590,1982624.0,1308.662706270627
2010,10,7,631,4390,5021,6615208.0,1506.8810933940774
2010,10,8,1031,6667,7698,10250278.0,1537.464826758662
2010,10,9,263,2518,2781,3871137.0,1537.3856235107228
2010,10,10,751,5368,6119,8777194.0,1635.0957526080476
2010,10,11,680,10480,11160,8568875.0,817.6407442748092
2010,10,12,944,9455,10399,12050264.0,1274.485880486515
2010,10,13,1803,22931,24734,19873042.0,866.6452400680301
2010,10,14,525,3496,4021,4929994.0,1410.1813501144165
2010,10,15,880,7433,8313,10889593.0,1465.0333647248756
2010,10,16,86,1224,1310,1604116.0,1310.5522875816994
2010,10,17,471,4102,4573,5525762.0,1347.0897123354462
2010,10,18,720,9261,9981,12380643.0,1336.8581146744411
2010,10,19,112,2433,2545,2698624.0,1109.1755034936293
2010,10,20,473,4182,4655,6958499.0,1663.9165471066476
2010,10,21,183,1204,1387,1712001.0,1421.9277408637874
2010,10,22,440,3778,4218,6404178.0,1695.1238750661726
2010,10,23,232,1647,1879,2157384.0,1309.887067395264
2010,10,24,410,4663,5073,7206516.0,1545.4677246407891
2010,10,25,71,1602,1673,2150787.0,1342.563670411985
2010,10,26,301,2516,2817,3835651.0,1524.5035771065184
2010,10,27,969,3871,4840,7096293.0,1833.1937483854301
2010,10,28,487,2833,3320,4625538.0,1632.7349099894104
2010,10,29,479,2444,2923,3448084.0,1410.836333878887
2010,10,30,159,1383,1542,2645354.0,1912.765003615329
2010,10,31,1461,6640,8101,10401134.0,1566.435843373494
2010,10,32,1121,1974,3095,4418124.0,2238.158054711246
2010,10,33,555,3069,3624,6508565.0,2120.744542196155
2010,11,1,2377,5661,8038,9467924.0,1672.4826002473062
2010,11,2,1073,1299,2372,2375761.0,1828.9153194765204
2010,11,3,164,1029,1193,1934360.0,1879.8445092322643
2010,11,4,1836,2269,4105,4383207.0,1931.7791978845307
2010,11,5,2713,3708,6421,6927743.0,1868.3233549083063
2010,11,6,636,1409,2045,2516015.0,1785.6742370475515
2010,11,7,804,1825,2629,3388984.0,1856.9775342465753
2010,11,8,3845,3942,7787,7572316.0,1920.9325215626586
2010,11,9,82,696,778,1137702.0,1634.6293103448277
2010,11,10,377,1586,1963,2855125.0,1800.204918032787
2010,11,11,1547,626,2173,1357498.0,2168.527156549521
2010,11,12,567,239,806,435597.0,1822.581589958159
2010,11,13,1542,1820,3362,3453850.0,1897.7197802197802
2010,11,14,1328,1426,2754,2961926.0,2077.086956521739
2010,11,15,2126,2753,4879,5223475.0,1897.3755902651653
2010,11,16,1911,4122,6033,7385272.0,1791.6720038816109
2010,11,17,1042,1023,2065,2110457.0,2063.0078201368524
2010,11,18,1673,1935,3608,3582625.0,1851.485788113695
2010,11,19,1450,1524,2974,2907524.0,1907.8241469816273
2010,11,20,288,488,776,964816.0,1977.0819672131147
2010,11,21,269,1947,2216,3322839.0,1706.6456086286594
2010,11,22,653,1029,1682,1874284.0,1821.4616132167153
2010,11,23,180,863,1043,1457217.0,1688.54808806489
2010,11,24,90,414,504,680199.0,1642.9927536231885
2010,11,26,1454,764,2218,1621969.0,2122.996073298429
2010,11,27,2657,1264,3921,2880538.0,2278.90664556962
2010,11,29,1124,1532,2656,2943967.0,1921.6494778067886
2010,11,30,101,489,590,1090756.0,2230.5848670756645
2010,11,31,47,51,98,93437.0,1832.0980392156862
2010,11,32,569,1264,1833,1695226.0,1341.1598101265822
2010,12,1,67,559,626,833063.0,1490.273703041145
2010,12,2,64,733,797,1132977.0,1545.6712141882674
2010,12,3,129,387,516,595580.0,1538.9664082687339
2010,12,4,141,633,774,800833.0,1265.139020537125
2010,12,5,596,2268,2864,2983729.0,1315.5771604938273
2010,12,6,54,563,617,770225.0,1368.0728241563056
2010,12,7,28,111,139,205492.0,1851.2792792792793
2010,12,8,124,453,577,633026.0,1397.4083885209714
2010,12,9,6,182,188,248021.0,1362.7527472527472
2010,12,10,134,393,527,627200.0,1595.9287531806615
2010,12,11,144,201,345,278190.0,1384.0298507462687
2010,12,12,40,761,801,863490.0,1134.6780551905388
2010,12,13,85,68,153,186622.0,2744.4411764705883
2010,12,14,6,267,273,247864.0,928.3295880149813
2010,12,15,39,217,256,288058.0,1327.4562211981568
2010,12,17,1,0,1,0.0,
2010,12,18,156,172,328,224834.0,1307.1744186046512
2010,12,19,1217,516,1733,1443233.0,2796.9631782945735
2010,12,20,84,372,456,476834.0,1281.8118279569892
2010,12,21,94,59,153,167709.0,2842.5254237288136
2010,12,22,5,328,333,342076.0,1042.9146341463415
2010,13,1,6635,15442,22077,20957331.0,1357.1642921901307
2010,13,2,4901,4851,9752,8055903.0,1660.6685219542362
2010,13,3,6596,6550,13146,10609005.0,1619.6954198473281
2010,13,4,3646,6961,10607,9975303.0,1433.0272949288894
2010,13,5,308,1830,2138,2966550.0,1621.0655737704917
2010,13,6,4123,14622,18745,17594302.0,1203.2760224319518
2010,13,7,3856,8317,12173,13258255.0,1594.1150655284357
2010,13,8,7886,12822,20708,19857533.0,1548.7079238808299
2010,13,9,2512,2384,4896,4287083.0,1798.2730704697988
2010,13,10,3342,3621,6963,7128792.0,1968.7357083678542
2010,13,11,1123,1273,2396,2735155.0,2148.589945011783
2010,13,12,3385,6614,9999,11043055.0,1669.648472936196
2010,13,13,1754,2519,4273,3315975.0,1316.3854704247717
2010,13,14,1438,2368,3806,4036043.0,1704.4100506756756
2010,13,15,1981,4295,6276,6641676.0,1546.3739231664727
2010,13,16,5391,5238,10629,8825583.0,1684.9146620847653
2010,13,17,1890,1423,3313,2211030.0,1553.78074490513
2010,13,18,2284,7250,9534,10081655.0,1390.5731034482758
2010,13,19,8509,7939,16448,13950595.0,1757.2232019145988
2010,13,20,3723,4561,8284,7853452.0,1721.8706424029817
2010,13,21,3975,2867,6842,5841121.0,2037.3634461109173
2010,13,22,1385,2573,3958,4175490.0,1622.8099494753205
2010,13,23,1466,1999,3465,3031872.0,1516.6943471735867
2010,13,24,8784,13203,21987,23311500.0,1765.6214496705295
2010,13,25,1339,5331,6670,9452746.0,1773.1656349652974
2010,13,26,5009,8556,13565,12981254.0,1517.2106124357176
2010,13,27,3791,8160,11951,12503877.0,1532.3378676470588
2010,13,28,3241,3440,6681,5789440.0,1682.9767441860465
2010,13,29,7859,6615,14474,11228229.0,1697.3891156462585
2010,13,30,6100,3424,9524,7258603.0,2119.91910046729
2010,13,31,2847,5048,7895,9951703.0,1971.4150158478606
2010,13,33,2983,5933,8916,7566948.0,1275.399966290241
2010,13,34,3890,2801,6691,5581850.0,1992.8061406640486
2010,13,35,1001,9859,10860,14529987.0,1473.7789836697434
2010,13,36,2901,10445,13346,10995046.0,1052.6611775969363
2010,13,37,3615,2582,6197,4472649.0,1732.2420604182805
2010,13,38,467,1662,2129,2618276.0,1575.3766546329723
2010,13,39,1754,3070,4824,4961178.0,1616.0188925081434
2010,13,40,974,2403,3377,5053493.0,2102.993341656263
2010,13,41,5648,3797,9445,7730188.0,2035.867263629181
2010,13,42,1776,2379,4155,4546984.0,1911.3005464480875
2010,13,43,4838,7528,12366,10975050.0,1457.8971838469713
2010,13,44,3975,6729,10704,12530272.0,1862.1298855699213
2010,13,45,1280,3066,4346,4958278.0,1617.181343770385
2010,13,46,3032,2141,5173,3924801.0,1833.162540868753
2010,13,47,2611,4272,6883,7425638.0,1738.2111423220974
2010,13,48,3323,4514,7837,7572374.0,1677.5307930881702
2010,13,49,4459,6295,10754,9773634.0,1552.6027005559968
2010,13,50,4394,1300,5694,3224267.0,2480.2053846153844
2010,13,51,1976,5671,7647,11563230.0,2039.0107564803386
2010,13,52,1380,1061,2441,2139351.0,2016.3534401508011
2010,13,53,2975,8333,11308,11637821.0,1396.594383775351
2010,13,54,2589,6211,8800,9540134.0,1536.0061181774272
2010,13,55,980,2609,3589,5763088.0,2208.9260252970485
2010,13,56,1736,7455,9191,10348955.0,1388.1898054996645
2010,13,57,2749,6596,9345,10705945.0,1623.0965736810188
2010,13,58,2027,3902,5929,7019758.0,1799.015376729882
2010,13,59,1726,3199,4925,3969290.0,1240.790872147546
2010,13,60,1923,2846,4769,5257585.0,1847.3594518622629
2010,13,61,6162,4984,11146,9210645.0,1848.0427367576244
2010,13,62,2758,5971,8729,11223314.0,1879.6372466923463
2010,13,63,2720,5728,8448,7512349.0,1311.51344273743
2010,13,64,1111,2552,3663,3692983.0,1447.0936520376176
2010,13,65,1199,3229,4428,5242099.0,1623.4434809538557
2010,13,66,2107,5797,7904,8285056.0,1429.1971709504917
2010,13,67,1621,2207,3828,4049919.0,1835.0335296782964
2010,13,68,2924,5508,8432,8290903.0,1505.2474582425564
2010,13,69,1576,1647,3223,3147595.0,1911.1080752884031
2010,13,70,449,3750,4199,6117153.0,1631.2408
2010,13,71,1461,1762,3223,3543019.0,2010.7939841089672
2010,13,73,1586,945,2531,1973322.0,2088.1714285714284
2010,13,74,103,706,809,1785914.0,2529.623229461756
2010,13,75,335,15,350,45454.0,3030.266666666667
2010,13,76,629,460,1089,1101986.0,2395.621739130435
2010,14,1,20,7060,7080,7751052.0,1097.8827195467422
2010,14,2,30,5562,5592,4964309.0,892.5402732829917
2010,14,3,62,8243,8305,8859063.0,1074.7377168506612
2010,14,4,214,5305,5519,5635730.0,1062.3430725730443
2010,14,5,116,3906,4022,6025607.0,1542.6541218637992
2010,14,6,389,20159,20548,23041034.0,1142.9651272384542
2010,14,7,19,7774,7793,8097667.0,1041.6345510676615
2010,14,8,11,3473,3484,4587506.0,1320.9058450906996
2010,14,9,4,3646,3650,3152557.0,864.6618211738892
2010,14,10,49,4154,4203,4634253.0,1115.6121810303323
2010,14,11,11,4213,4224,5108120.0,1212.4661761215286
2010,14,12,14,6304,6318,7229814.0,1146.8613578680204
2010,14,13,48,6635,6683,7457284.0,1123.9312735493595
2010,14,14,44,3490,3534,4249935.0,1217.746418338109
2010,14,15,6,2172,2178,1885562.0,868.1224677716391
2010,14,16,10,3793,3803,3897589.0,1027.5742156604272
2010,14,17,9,5041,5050,6282949.0,1246.3695695298552
2010,14,18,41,3477,3518,5041171.0,1449.862237561116
2010,14,19,18,967,985,1603284.0,1657.9979317476732
2010,14,20,30,6538,6568,7589063.0,1160.7621596818599
2010,14,23,14,1463,1477,2365093.0,1616.604921394395
2010,15,1,42,1837,1879,2315835.0,1260.6614044637997
2010,15,2,2,279,281,447358.0,1603.4336917562723
2010,15,3,11,314,325,288515.0,918.8375796178344
2010,15,4,341,8669,9010,6397814.0,738.0106125273965
2010,15,5,1693,5688,7381,9582498.0,1684.6867088607594
2010,15,6,5,84,89,112697.0,1341.6309523809523
2010,15,7,4,328,332,301065.0,917.8810975609756
2010,15,8,7,190,197,191836.0,1009.6631578947369
2010,15,9,862,8791,9653,7809405.0,888.3409168467751
2010,15,13,1,516,517,201463.0,390.4321705426357
2010,15,14,0,87,87,65936.0,757.8850574712644
2010,15,15,2,573,575,197951.0,345.46422338568937
2010,16,1,570,1486,2056,2038043.0,1371.4959623149393
2010,16,2,1864,5142,7006,8310637.0,1616.226565538701
2010,16,3,5694,6962,12656,9159662.0,1315.6653260557312
2010,16,4,2805,2200,5005,3875719.0,1761.6904545454545
2010,16,6,1054,2352,3406,3473004.0,1476.6173469387754
2010,16,7,1464,1529,2993,2946134.0,1926.8371484630477
2010,16,8,1147,1513,2660,2693374.0,1780.1546596166556
2010,16,9,1547,2773,4320,4996009.0,1801.662098809953
2010,16,10,635,1310,1945,2436558.0,1859.9679389312978
2010,16,11,1625,5024,6649,8845789.0,1760.7064092356688
2010,16,12,4090,4570,8660,7882542.0,1724.8450765864332
2010,16,13,612,1243,1855,2251594.0,1811.419147224457
2010,16,14,5433,7639,13072,12225974.0,1600.4678622856395
2010,16,17,659,1382,2041,1990889.0,1440.5853835021708
2010,16,18,877,1463,2340,2629208.0,1797.1346548188653
2010,16,19,666,1599,2265,2840169.0,1776.2157598499061
2010,16,20,7620,22489,30109,32997897.0,1467.2905420427765
2010,16,21,895,1717,2612,3238594.0,1886.1933605125218
2010,16,22,1394,3170,4564,4980912.0,1571.2656151419558
2010,16,23,2,46,48,64170.0,1395.0
2010,16,24,246,1014,1260,2158813.0,2129.006903353057
2010,16,25,24,109,133,211218.0,1937.7798165137615
2010,17,11,1536,23993,25529,16128610.0,672.2214812653691
2010,17,13,1878,33290,35168,32052041.0,962.8128867527786
2010,17,14,3641,24215,27856,46193475.0,1907.6388602106133
2010,17,15,893,16156,17049,15895007.0,983.8454444169349
2010,17,16,1034,24515,25549,25301081.0,1032.0653069549255
2010,17,17,376,2576,2952,4192910.0,1627.682453416149
2010,17,18,746,6888,7634,10139531.0,1472.0573461091753
2010,17,19,975,8082,9057,12842883.0,1589.0723830734967
2010,17,20,592,17638,18230,12067696.0,684.1873228257172
2010,17,21,1137,10220,11357,11530697.0,1128.2482387475538
2010,17,22,236,4228,4464,5200860.0,1230.0993377483444
2010,17,23,1035,9219,10254,10025070.0,1087.4357305564595
2010,17,24,569,13275,13844,10423426.0,785.1921657250471
2010,17,25,843,10166,11009,11749152.0,1155.730080661027
2010,17,26,1405,10046,11451,11180027.0,1112.8834361935099
2010,17,27,1260,12319,13579,12602734.0,1023.0322266417729
2010,17,28,145,7252,7397,5238555.0,722.3600386100386
2010,17,29,370,6101,6471,6826103.0,1118.8498606785772
2010,17,30,283,8982,9265,7600345.0,846.1751280338455
2010,17,31,3921,16617,20538,29583269.0,1780.3014382860927
2010,17,32,364,6868,7232,3216975.0,468.4005532906232
2010,17,33,117,2070,2187,2231374.0,1077.9584541062802
2010,17,34,48,1586,1634,2371715.0,1495.406683480454
2010,17,35,527,3883,4410,5391484.0,1388.4841617306206
2010,17,36,254,4009,4263,4305231.0,1073.891494138189
2010,17,37,248,5534,5782,4699200.0,849.1507047343694
2010,17,38,145,2666,2811,3761710.0,1410.993998499625
2010,17,39,367,3294,3661,2244183.0,681.2941712204007
2010,17,40,285,2237,2522,3327640.0,1487.545820295038
2010,17,41,161,1781,1942,2243758.0,1259.8304323413813
2010,17,42,298,2210,2508,3230801.0,1461.9009049773756
2010,17,43,57,1210,1267,1140920.0,942.9090909090909
2010,18,1,13,353,366,598357.0,1695.0623229461755
2010,18,2,36,582,618,1321686.0,2270.938144329897
2010,18,3,94,1222,1316,1299220.0,1063.1914893617022
2010,18,4,23,500,523,1198561.0,2397.122
2010,18,5,8,238,246,464430.0,1951.3865546218487
2010,18,6,114,1133,1247,2769647.0,2444.5251544571934
2010,18,7,188,2348,2536,3879357.0,1652.1963373083474
2010,18,9,0,13,13,29314.0,2254.923076923077
2010,18,10,13,515,528,1188758.0,2308.2679611650487
2010,18,11,17,65,82,161433.0,2483.5846153846155
2010,18,12,1,135,136,283429.0,2099.474074074074
2010,18,13,1,34,35,73908.0,2173.764705882353
2010,18,15,17,52,69,119694.0,2301.8076923076924
2010,18,16,4,68,72,156818.0,2306.1470588235293
2010,18,17,2,52,54,128075.0,2462.980769230769
2010,18,18,19,321,340,864036.0,2691.700934579439
2010,18,19,4,144,148,317039.0,2201.659722222222
2010,18,20,3,146,149,377653.0,2586.6643835616437
2010,18,21,74,771,845,2141747.0,2777.8819714656292
2010,18,22,2,84,86,195140.0,2323.095238095238
2010,18,23,5,379,384,910592.0,2402.6174142480213
2010,18,24,3,212,215,500994.0,2363.1792452830186
2010,18,25,4,218,222,490690.0,2250.8715596330276
2010,19,1,18,266,284,244526.0,919.2706766917294
2010,19,2,12,15,27,15434.0,1028.9333333333334
2010,20,1,131,3936,4067,3132462.0,795.8490853658536
2010,20,2,72,376,448,506619.0,1347.3909574468084
2010,20,3,20,62,82,116410.0,1877.5806451612902
2010,20,5,7,272,279,308985.0,1135.9742647058824
2010,20,6,8,291,299,387383.0,1331.213058419244
2010,20,9,93,458,551,827697.0,1807.198689956332
2010,20,10,13,50,63,103425.0,2068.5
2010,20,11,8,9,17,23578.0,2619.777777777778
2010,21,1,91,532,623,447724.0,841.5864661654135
2010,21,2,17,9,26,24101.0,2677.8888888888887
2010,21,3,247,6,253,17550.0,2925.0
2010,21,4,4,4,8,11698.0,2924.5
2010,21,5,5,1,6,3009.0,3009.0
2010,22,1,423,16558,16981,21169453.0,1278.503019688368
2010,22,2,143,8693,8836,11424108.0,1314.173242839066
2010,22,3,29,4232,4261,5097012.0,1204.397920604915
2010,22,4,30,3226,3256,3815402.0,1182.7036577805331
2010,22,5,78,7755,7833,9435013.0,1216.6361057382335
2010,22,6,10,3819,3829,4679256.0,1225.2568735271013
2010,22,8,134,12748,12882,13956653.0,1094.8111860684028
2010,22,9,33,2243,2276,3034450.0,1352.853321444494
2010,22,10,30,4973,5003,7110739.0,1429.869093102755
2010,22,11,52,3376,3428,3984865.0,1180.3510071090047
2010,22,12,16,2771,2787,4082664.0,1473.3540238181163
2010,22,13,11,2592,2603,2913529.0,1124.0466820987654
2010,22,14,13,1801,1814,2502209.0,1389.3442531926707
2010,22,15,13,2245,2258,3083729.0,1373.5986636971047
2010,22,16,17,1767,1784,2553702.0,1445.2190152801359
2010,22,17,39,4287,4326,5138548.0,1198.6349428504782
2010,22,18,63,6940,7003,8786629.0,1266.084870317003
2010,22,19,61,6117,6178,6779063.0,1108.2332842896844
2010,22,21,7,843,850,1434836.0,1702.05931198102
2010,22,23,10,1824,1834,2477910.0,1358.5032894736842
2010,22,24,71,2219,2290,3587724.0,1616.820189274448
2010,22,26,6,3103,3109,3844364.0,1238.9184660006445
2010,23,1,1658,16778,18436,16836230.0,1003.4706162832281
2010,23,2,105,5372,5477,2082414.0,387.6422189128816
2010,23,3,170,3890,4060,3710854.0,953.9470437017994
2010,23,4,29,2912,2941,2518154.0,864.7506868131868
2010,23,5,74,1761,1835,1628255.0,924.6195343554798
2010,23,6,11,964,975,717763.0,744.5674273858921
2010,23,7,24,4127,4151,2162611.0,524.0152653259026
2010,23,8,3,489,492,519311.0,1061.9856850715746
2010,23,9,14,2394,2408,1413886.0,590.5956558061821
2010,23,10,22,12019,12041,4570274.0,380.2540976786754
2010,23,11,161,3574,3735,3276254.0,916.6911024062675
2010,23,12,20,2355,2375,1794236.0,761.8836518046709
2010,23,13,100,3205,3305,2133189.0,665.5815912636506
2010,23,14,7,5578,5585,3932126.0,704.9347436357117
2010,23,15,609,5673,6282,6353554.0,1119.9636876432223
2010,23,16,147,3614,3761,3733862.0,1033.1660210293303
2010,23,17,153,1241,1394,2178849.0,1755.720386784851
2010,23,18,21,2540,2561,1880525.0,740.3641732283464
2010,23,19,153,2361,2514,2429379.0,1028.961880559085
2010,23,20,105,9768,9873,7260026.0,743.245904995905
2010,23,21,267,7096,7363,5095287.0,718.0505918827508
2010,23,22,39,1657,1696,1786144.0,1077.9384429692216
2010,23,23,30,5539,5569,3925213.0,708.6501173497021
2010,23,24,72,2342,2414,2772075.0,1183.635781383433
2010,23,25,24,1724,1748,2254523.0,1307.7279582366589
2010,23,26,72,5150,5222,2577767.0,500.53728155339803
2010,23,27,248,7307,7555,6148103.0,841.3990693855208
2010,23,28,76,5039,5115,3166248.0,628.3484818416352
2010,23,29,161,3587,3748,3857016.0,1075.2762754390856
2010,23,30,151,2594,2745,2604672.0,1004.1141094834232
2010,23,31,385,2377,2762,4761806.0,2003.2839713925116
2010,23,32,538,5195,5733,7230792.0,1391.8752646775745
2010,23,33,156,5771,5927,5377977.0,931.8968982845261
2010,23,34,119,11540,11659,6650738.0,576.3204506065858
2010,23,35,198,4237,4435,6054550.0,1428.9709700259618
2010,23,36,86,9128,9214,6067667.0,664.7312664329536
2010,23,37,30,7252,7282,4663130.0,643.0129619415334
2010,23,38,40,8316,8356,6444527.0,774.9551467051467
2010,23,39,104,4043,4147,3902324.0,965.2050457581004
2010,23,40,37,5255,5292,6363655.0,1210.9714557564225
2010,23,41,97,4741,4838,3280033.0,691.8441257118751
2010,23,42,316,4325,4641,5296487.0,1224.6212716763005
2010,23,43,393,14017,14410,10074510.0,718.7351073696226
2010,23,44,439,15539,15978,10152960.0,653.3856747538451
2010,23,45,339,10681,11020,9780812.0,915.7206254096059
2010,23,46,1073,14246,15319,14181799.0,995.4934016566053
2010,23,47,3272,32225,35497,33844277.0,1050.2490923196276
2010,23,48,104,767,871,1766193.0,2302.728813559322
2010,23,49,9,1151,1160,1501117.0,1304.1850564726326
2010,23,50,553,25076,25629,18495067.0,737.5604960918807
2010,24,1,0,26,26,29762.0,1144.6923076923076
2010,24,2,0,21,21,22803.0,1085.857142857143
2010,24,4,0,125,125,107959.0,863.672
2010,25,1,12,118,130,179130.0,1518.050847457627
2010,25,2,44,487,531,762653.0,1566.022587268994
2010,25,3,2,7,9,10765.0,1537.857142857143
2010,25,4,2,7,9,13895.0,1985.0
2010,25,5,1,0,1,0.0,
2010,25,6,0,1,1,2237.0,2237.0
2010,25,9,3,1,4,2916.0,2916.0
2010,26,1,330,10807,11137,5234229.0,484.3369112612196
2010,26,2,362,2847,3209,2733859.0,960.2595714787495
2010,26,3,529,6329,6858,4910386.0,775.854953389161
2010,26,4,702,6196,6898,4530512.0,731.1994835377664
2010,26,5,1431,9529,10960,5925841.0,621.8743834610137
2010,26,6,638,12772,13410,9716038.0,760.7295646727216
2010,26,7,671,4814,5485,3539540.0,735.2596593269631
2010,26,8,1213,14331,15544,11873904.0,828.5467866862048
2010,26,9,941,9388,10329,6680912.0,711.6438005965061
2010,26,10,444,5180,5624,4119166.0,795.2057915057915
2010,26,11,340,5178,5518,4302214.0,830.8640401699498
2010,27,1,78,10239,10317,11693510.0,1142.0558648305498
2010,29,1,70,5437,5507,5908067.0,1086.64097848078
2010,29,2,623,36362,36985,33947412.0,933.5958418128815
2010,29,3,347,6832,7179,10194660.0,1492.1926229508197
2010,29,4,172,9260,9432,8318630.0,898.340172786177
2010,29,5,273,4985,5258,7401316.0,1484.7173520561685
2010,29,6,122,2070,2192,3183048.0,1537.7043478260869
2010,29,7,487,3046,3533,3786702.0,1243.172028890348
2010,29,8,33,3759,3792,4618308.0,1228.6001596169194
2010,29,9,1181,15169,16350,17253040.0,1137.3880941393631
2010,29,10,490,7831,8321,9021609.0,1152.0379261907801
2010,30,1,397,13028,13425,6573330.0,504.55403745778324
2010,30,2,264,11600,11864,4555117.0,392.6825
2010,31,1,0,159,159,55624.0,349.8364779874214
2010,31,2,1,320,321,385187.0,1203.709375
2010,32,1,29,587,616,692441.0,1179.626916524702
