state_code,dist_code,pending_cases,solved_cases,total_cases,total_days,mean_disposition_days,case_pendency_rate,case_disposition_rate
1,1,14773,54704,69477,23156331.0,423.30233620941794,0.21263151834420024,0.7873684816557998
1,2,35513,102277,137790,50439942.0,493.16994045582095,0.25773278176935915,0.7422672182306408
1,3,75051,251662,326713,122629889.0,487.2801177770184,0.22971537710467596,0.7702846228953241
1,4,64830,143047,207877,66538531.0,465.15153061581157,0.3118671137259052,0.6881328862740947
1,5,59113,134313,193426,66299716.0,493.620989777609,0.30561041431865416,0.6943895856813458
1,7,79306,199508,278814,100098692.0,501.72771016701086,0.2844405230727295,0.7155594769272705
1,8,59406,177007,236413,78915592.0,445.83317043958715,0.2512805979366617,0.7487194020633383
1,9,166754,487687,654441,168476398.0,345.4600963322787,0.2548037179822169,0.7451962820177831
1,10,18649,61599,80248,32386665.0,525.7660838649978,0.23239208453793242,0.7676079154620676
1,11,19765,49352,69117,26364284.0,534.209029016048,0.28596437924099716,0.7140356207590028
1,12,7690,57386,65076,14380525.0,250.59291464817204,0.11816952486323683,0.8818304751367632
1,13,62207,123656,185863,57891334.0,468.16437536391277,0.3346927575687469,0.6653072424312532
1,14,90905,231461,322366,108747549.0,469.83098232531614,0.28199313823418104,0.718006861765819
1,15,67885,154902,222787,76670137.0,494.95898697240835,0.3047080844034885,0.6952919155965115
1,17,58936,145866,204802,75061177.0,514.5899455664788,0.2877706272399684,0.7122293727600316
1,18,46967,110669,157636,57387652.0,518.5521871526805,0.2979459006825852,0.7020540993174148
1,19,117200,305214,422414,119547646.0,391.6846737043517,0.2774529253291794,0.7225470746708206
1,20,145331,300875,446206,141116436.0,469.02014457831325,0.325703822897944,0.674296177102056
1,21,246138,345143,591281,166001365.0,480.9640207102563,0.41627923102551917,0.5837207689744809
1,23,329835,640074,969909,331094425.0,517.2752291141337,0.34006798575948877,0.6599320142405112
1,24,63082,120454,183536,51056803.0,423.8697179006094,0.34370368755993375,0.6562963124400663
1,25,239710,441930,681640,205805394.0,465.69681623786573,0.35166656886332964,0.6483334311366704
1,26,134994,304582,439576,155419588.0,510.2717429132385,0.30710047864305606,0.692899521356944
1,27,73124,237914,311038,97444222.0,409.57750279512766,0.2350966762903568,0.7649033237096432
1,28,60532,158120,218652,75882938.0,479.90727295724764,0.27684173938495876,0.7231582606150413
1,29,57279,155550,212829,71249873.0,458.0512568306011,0.2691315563198624,0.7308684436801376
1,30,118068,276112,394180,125698582.0,455.2449078634757,0.29952813435486325,0.7004718656451367
1,31,66851,186468,253319,87348316.0,468.43595683977946,0.2639004575258863,0.7360995424741137
1,32,19186,66649,85835,26590893.0,398.9691218172816,0.2235218733616823,0.7764781266383177
1,33,10757,40573,51330,14251763.0,351.26224336381335,0.20956555620494838,0.7904344437950517
1,34,85920,164149,250069,93542921.0,569.8659205965312,0.34358517049294396,0.6564148295070561
1,35,57176,161637,218813,75797802.0,468.93843612539206,0.26130074538532905,0.738699254614671
1,36,27166,78427,105593,41227273.0,525.6770372448264,0.2572708418171659,0.7427291581828341
1,37,84259,254361,338620,74029668.0,291.0417398893698,0.24883054751639005,0.75116945248361
1,38,23486,37473,60959,23253231.0,620.532943719478,0.385275349005069,0.614724650994931
1,39,9337,15293,24630,16003610.0,1046.4663571568692,0.3790905399918798,0.6209094600081202
1,40,54090,101860,155950,73775740.0,724.2856862360102,0.3468419365181148,0.6531580634818852
1,41,10418,25335,35753,12046127.0,475.47373199131636,0.2913881352613767,0.7086118647386234
1,42,37522,154744,192266,70011262.0,452.43280514914954,0.1951567099747225,0.8048432900252774
1,43,984,1193,2177,786553.0,659.3067896060352,0.4519981626090951,0.5480018373909049
2,2,38023,125434,163457,60053387.0,478.7648245292345,0.23261775268113327,0.7673822473188667
2,3,45501,117774,163275,71763720.0,609.3341484538183,0.2786770785484612,0.7213229214515389
2,4,51585,157248,208833,79784347.0,507.3790890822141,0.2470155578859663,0.7529844421140337
2,5,58197,194180,252377,91334976.0,470.3624266144814,0.23059549800496876,0.7694045019950313
2,7,29322,88498,117820,39541192.0,446.80322719157493,0.24887115939568835,0.7511288406043116
2,10,45785,92705,138490,53316473.0,575.119713068335,0.3306014874720196,0.6693985125279803
2,11,53501,202747,256248,109576961.0,540.4615653992414,0.20878601979332523,0.7912139802066748
2,15,31395,73449,104844,52157408.0,710.1173331154951,0.29944488955018883,0.7005551104498111
2,17,40044,102943,142987,53245423.0,517.2320896029842,0.2800534314308294,0.7199465685691706
2,19,15424,46536,61960,25370612.0,545.1824823792333,0.24893479664299548,0.7510652033570046
2,20,55543,184359,239902,103896792.0,563.5569296861016,0.23152370551308452,0.7684762944869155
2,21,17340,47472,64812,24219403.0,510.18290781934616,0.2675430475837808,0.7324569524162192
2,23,41558,113535,155093,64483381.0,567.9603734531202,0.2679553558187668,0.7320446441812332
3,1,111613,403486,515099,146201576.0,362.3460937925975,0.2166826182927942,0.7833173817072058
3,2,33117,161076,194193,46923485.0,291.31270332017186,0.17053652809318565,0.8294634719068144
3,3,41870,152196,194066,48005677.0,315.42009645457176,0.21575134232683726,0.7842486576731628
3,4,36688,195024,231712,60890635.0,312.2212394371975,0.15833448418726695,0.8416655158127331
3,5,42631,180187,222818,43562727.0,241.76398408320244,0.19132655351003958,0.8086734464899604
3,6,29744,143220,172964,47541636.0,331.94830330959365,0.17196642075807683,0.8280335792419232
3,7,23352,86225,109577,23900341.0,277.1857465932154,0.21311041550690382,0.7868895844930962
3,8,14806,67769,82575,18674471.0,275.5606693325857,0.17930366333636089,0.8206963366636392
3,9,37860,209612,247472,56639286.0,270.21013109936456,0.1529870045904183,0.8470129954095816
3,10,28339,157238,185577,47289247.0,300.7494816774571,0.15270750146839318,0.8472924985316068
3,11,28205,152236,180441,51235404.0,336.55248430069105,0.15631148131522216,0.8436885186847779
3,12,42450,256661,299111,60707433.0,236.5276882736372,0.14192055791996952,0.8580794420800305
3,13,25993,155836,181829,41514096.0,266.3960573936703,0.14295299429683933,0.8570470057031606
3,14,31512,192658,224170,49115866.0,254.9381079425718,0.1405718874068787,0.8594281125931212
3,15,49618,260902,310520,74156487.0,284.2311940882017,0.15979002962772124,0.8402099703722787
3,16,25309,155437,180746,33626387.0,216.3345085147037,0.14002522877408075,0.8599747712259193
3,17,27539,138245,165784,42029106.0,304.0189952620348,0.1661137383583458,0.8338862616416542
3,18,68300,299528,367828,82523190.0,275.5107702785716,0.18568461346063922,0.8143153865393608
3,19,33849,139048,172897,46311158.0,333.0587854553823,0.1957755195289681,0.8042244804710319
3,20,241058,1418851,1659909,423549167.0,298.51560664227605,0.14522362370467296,0.854776376295327
3,21,123541,239873,363414,74066975.0,308.7757896887103,0.33994562675075807,0.6600543732492419
3,22,63743,221147,284890,74580216.0,337.2427209050993,0.22374600723086102,0.776253992769139
3,23,59793,325544,385337,84940303.0,260.9180418008011,0.1551706687912139,0.8448293312087861
3,24,49674,191740,241414,51884694.0,270.5992176906227,0.2057627146727199,0.7942372853272801
3,25,11149,72419,83568,20119772.0,277.82449357212886,0.13341231093241432,0.8665876890675857
3,26,104425,316726,421151,115093431.0,363.38485315383014,0.24795144734311447,0.7520485526568855
3,27,23721,90436,114157,29214301.0,323.0384028484232,0.20779277661466225,0.7922072233853378
3,28,36280,93672,129952,36726474.0,392.0752626184986,0.27918000492489536,0.7208199950751046
3,29,35036,103281,138317,33006589.0,319.58045526282666,0.25330219712688967,0.7466978028731103
3,30,10880,52756,63636,14344321.0,271.89932898627643,0.17097240555660317,0.8290275944433968
4,1,19582,130495,150077,42560247.0,326.1446568834055,0.13047968709395844,0.8695203129060416
4,2,153556,345401,498957,161583154.0,467.81321999646786,0.30775397479141486,0.6922460252085851
4,3,51008,221340,272348,81197308.0,366.8442577030812,0.18728979100268775,0.8127102089973123
4,4,147148,392709,539857,188343954.0,479.6018273072428,0.27256847646691623,0.7274315235330837
4,5,50808,303868,354676,98005523.0,322.52663327497464,0.14325186931170983,0.8567481306882901
4,6,84159,276255,360414,108494865.0,392.7344844437205,0.23350646756230334,0.7664935324376967
4,7,27710,107996,135706,45008670.0,416.7623800881514,0.20419141379157885,0.7958085862084211
4,8,66448,245488,311936,91793819.0,373.9238537117904,0.21301805498563808,0.7869819450143619
4,9,237134,263630,500764,150871886.0,572.286484846186,0.47354442411994474,0.5264555758800553
4,10,78366,344665,423031,104081775.0,301.9795308487952,0.18524883519174717,0.8147511648082528
4,11,46539,252513,299052,93620129.0,370.7536998095148,0.15562176477669434,0.8443782352233057
4,12,96187,150805,246992,72737520.0,482.32830476443087,0.38943366586772044,0.6105663341322796
4,13,81,167,248,153252.0,917.6766467065868,0.32661290322580644,0.6733870967741935
4,15,190225,349647,539872,190096308.0,543.6806493406207,0.3523520390018375,0.6476479609981626
4,16,14030,113331,127361,29768463.0,262.66831670063794,0.11015931093505861,0.8898406890649414
5,1,19563,53347,72910,20747430.0,388.914653120138,0.268317103278014,0.731682896721986
5,2,46401,95108,141509,44297391.0,465.75883206460026,0.3279014055643104,0.6720985944356896
5,3,15160,54435,69595,17589855.0,323.13502342243044,0.217831740785976,0.782168259214024
5,4,24174,83031,107205,24057296.0,289.73872409100215,0.22549321393591717,0.7745067860640829
5,5,27594,94497,122091,31233206.0,330.52060911986626,0.22601174533749416,0.7739882546625059
5,6,31102,92797,123899,32700338.0,352.38572367641194,0.2510270462231334,0.7489729537768667
5,7,15689,45122,60811,17381346.0,385.2077922077922,0.2579960862343984,0.7420039137656016
5,8,9882,49251,59133,11562154.0,234.75978152727865,0.1671148089899041,0.8328851910100958
5,9,9815,23402,33217,10445496.0,446.35056832749336,0.2954812294909233,0.7045187705090766
5,10,19058,64748,83806,16226087.0,250.60367887811208,0.22740615230413097,0.772593847695869
5,11,35338,76190,111528,18536574.0,243.2940543378396,0.3168531669177247,0.6831468330822753
6,1,50124,191532,241656,90698982.0,473.5447966919366,0.20741881020955408,0.7925811897904459
6,2,8430,32816,41246,12549585.0,382.42275109702587,0.20438345536536875,0.7956165446346313
6,3,5459,42242,47701,17528489.0,414.9540504710951,0.11444204524014172,0.8855579547598583
6,4,10197,33176,43373,11676164.0,351.9461056185194,0.23510017752979964,0.7648998224702004
6,5,8287,27120,35407,9867971.0,363.86323746312684,0.23404976417092666,0.7659502358290734
6,6,12120,69814,81934,22656387.0,324.5249806629043,0.14792393877999366,0.8520760612200063
6,7,12186,52885,65071,18760872.0,354.7484541930604,0.18727236403313305,0.8127276359668669
6,8,10129,25593,35722,13630483.0,532.5863712733951,0.28355075303734395,0.7164492469626561
6,9,5609,11015,16624,4991837.0,453.185383567862,0.33740375360923963,0.6625962463907603
6,10,30784,91028,121812,36325762.0,399.0614096761436,0.25271730207204546,0.7472826979279545
6,11,9129,42273,51402,13939211.0,329.74264897215716,0.17760009338158048,0.8223999066184196
6,12,8874,25314,34188,13127422.0,518.5834715967449,0.25956475956475955,0.7404352404352404
6,13,19064,39240,58304,18974463.0,483.549006116208,0.32697585071350166,0.6730241492864983
6,15,6067,31680,37747,9786978.0,308.93238636363634,0.16072800487455957,0.8392719951254405
6,16,17607,39365,56972,22950690.0,583.0227359329353,0.3090465491820543,0.6909534508179457
6,17,1924,13396,15320,3738678.0,279.08913108390567,0.12558746736292428,0.8744125326370757
6,18,9557,29857,39414,13283958.0,444.9193823893894,0.24247729233267368,0.7575227076673263
6,19,5729,21600,27329,8264668.0,382.6235185185185,0.20963079512605656,0.7903692048739435
6,20,14033,43293,57326,22349876.0,516.2468759383734,0.24479293863168544,0.7552070613683145
6,21,8691,25664,34355,10905224.0,424.92300498753116,0.25297627710668025,0.7470237228933198
6,22,3520,9291,12811,4408747.0,474.51802819933266,0.27476387479509795,0.725236125204902
6,23,10591,4522,15113,3279531.0,725.2390535161433,0.7007874015748031,0.2992125984251969
6,24,1092,6438,7530,2038125.0,316.57735321528423,0.1450199203187251,0.8549800796812749
6,25,2540,1751,4291,1016722.0,580.6521987435751,0.5919366115124679,0.40806338848753204
6,26,4775,2659,7434,746356.0,280.6904851447913,0.6423190745224644,0.35768092547753566
6,27,2100,572,2672,125575.0,219.53671328671328,0.7859281437125748,0.21407185628742514
6,28,710,257,967,65944.0,256.591439688716,0.734229576008273,0.265770423991727
7,1,13789,39424,53213,13407109.0,340.07480215097405,0.25912840847161406,0.7408715915283859
7,2,10678,21691,32369,10130819.0,467.0517265225209,0.3298835305384782,0.6701164694615218
7,3,11569,29334,40903,14268582.0,486.4178768664349,0.2828398894946581,0.7171601105053419
7,4,5832,19968,25800,8823524.0,441.88321314102564,0.22604651162790698,0.773953488372093
7,5,7668,17790,25458,9628178.0,541.2129286115795,0.3012019797313222,0.6987980202686779
7,6,11837,21531,33368,8721447.0,405.0646509683712,0.3547410692879405,0.6452589307120594
7,7,21752,60318,82070,22359227.0,370.68913093935475,0.2650420372852443,0.7349579627147557
7,8,4182,14040,18222,5886330.0,419.2542735042735,0.22950279881461969,0.7704972011853803
7,9,36477,106774,143251,45367524.0,424.8929889298893,0.2546369658850549,0.7453630341149451
7,10,24006,43544,67550,19747031.0,453.49602700716514,0.3553811991117691,0.644618800888231
7,11,31494,70685,102179,33761694.0,477.6359057791611,0.30822380332553656,0.6917761966744634
7,12,6578,21550,28128,7258524.0,336.82245939675175,0.2338594994311718,0.7661405005688282
7,13,9819,25797,35616,10281971.0,398.57235337442336,0.27569070080862534,0.7243092991913747
7,14,6209,14312,20521,6363907.0,444.6553242034656,0.3025681009697383,0.6974318990302617
7,15,11365,20319,31684,7262969.0,357.4471676755746,0.35869839666708747,0.6413016033329125
7,16,15536,28488,44024,15301667.0,537.1267551249649,0.35289841904415775,0.6471015809558422
7,17,20450,39672,60122,19380691.0,488.5231649526114,0.3401417118525665,0.6598582881474335
7,18,1906,9649,11555,3480184.0,360.67820499533633,0.16495023799221117,0.8350497620077888
7,19,6660,16457,23117,6842393.0,415.77401713556543,0.2880996669117965,0.7119003330882034
7,20,17650,33239,50889,12983457.0,390.60913384879206,0.3468333038574152,0.6531666961425848
7,21,4829,18683,23512,6085093.0,325.7021356313226,0.20538448451854371,0.7946155154814563
7,22,48341,75912,124253,39996180.0,526.8755927916535,0.3890529806121381,0.6109470193878619
7,23,2886,5020,7906,1860725.0,370.6623505976096,0.36503921072603085,0.6349607892739692
7,24,1429,2076,3505,1214458.0,584.9990366088632,0.4077032810271041,0.5922967189728958
8,1,184799,150258,335057,43698454.0,290.82281143100533,0.5515449610066346,0.4484550389933653
8,2,32987,39826,72813,22311139.0,560.2154120423844,0.4530372323623529,0.5469627676376472
8,3,72625,64073,136698,41550221.0,648.4825277417946,0.5312806332206762,0.46871936677932374
8,4,31439,69760,101199,27770701.0,398.0891771788991,0.310665125149458,0.689334874850542
8,5,51272,57674,108946,29690608.0,514.8005687138052,0.47061847153635744,0.5293815284636425
8,6,49007,65657,114664,34968699.0,532.5966614374705,0.4273965673620317,0.5726034326379683
8,7,29857,20194,50051,8343128.0,413.1488560958701,0.596531537831412,0.40346846216858806
8,9,38039,56348,94387,41229767.0,731.6988535529212,0.40301100787184674,0.5969889921281533
8,10,70030,58373,128403,26243537.0,449.5834889418053,0.5453922416142925,0.4546077583857075
8,11,29592,28623,58215,12239095.0,427.5965132935052,0.5083225972687452,0.4916774027312548
8,12,28569,24377,52946,12177895.0,499.5649587726135,0.5395875042496128,0.4604124957503872
8,13,65896,47862,113758,29457102.0,615.459069825749,0.5792647550062413,0.4207352449937587
8,14,24005,22837,46842,9985410.0,437.2470114288216,0.5124674437470647,0.4875325562529354
8,15,34787,18384,53171,10812894.0,588.1687336814622,0.6542476161817532,0.3457523838182468
8,16,12685,31547,44232,18839439.0,597.1863885630963,0.2867833242901067,0.7132166757098933
8,17,57808,64643,122451,33373675.0,516.2767043608743,0.4720908771671934,0.5279091228328066
8,18,52770,54621,107391,37368900.0,684.1489536991268,0.49138195938207113,0.5086180406179289
8,19,20546,15141,35687,6948889.0,458.9451819562777,0.5757278560820467,0.4242721439179533
8,20,11996,10974,22970,6575365.0,599.1766903590304,0.5222464083587288,0.47775359164127124
8,21,36849,22196,59045,9812098.0,442.06604793656516,0.6240833262765687,0.3759166737234313
8,22,31312,15009,46321,10219369.0,680.882737024452,0.6759784978735347,0.3240215021264653
8,23,53383,60779,114162,29863932.0,491.35280277727503,0.46760743504843993,0.5323925649515601
8,24,41247,38915,80162,20599775.0,529.3530772195811,0.5145455452708265,0.4854544547291734
8,25,14412,17586,31998,9003414.0,511.96485841009894,0.4504031501968873,0.5495968498031127
8,26,38175,31097,69272,16777772.0,539.5302440749912,0.5510884628710012,0.4489115371289987
8,27,14430,30325,44755,13743580.0,453.2095630667766,0.32242207574572673,0.6775779242542732
8,28,73620,50878,124498,16633900.0,326.9369865167656,0.5913348005590451,0.40866519944095486
8,29,70917,37353,108270,20790054.0,556.5832463255963,0.6550013854253256,0.3449986145746744
8,30,61438,15675,77113,9814687.0,626.136331738437,0.7967268813299963,0.20327311867000375
8,31,46382,36849,83231,14620878.0,396.7781486607506,0.5572683255037185,0.4427316744962814
8,33,54848,3982,58830,1313674.0,329.9030637870417,0.9323134455209927,0.06768655447900732
8,34,63501,10887,74388,8710842.0,800.1140810140535,0.8536457493144055,0.14635425068559446
8,35,68324,8004,76328,1322359.0,165.2122688655672,0.8951367781155015,0.10486322188449848
8,36,29006,2721,31727,850288.0,312.4909959573686,0.914237085132537,0.08576291486746304
8,37,6190,347,6537,333075.0,959.8703170028818,0.9469175462750498,0.05308245372495028
8,38,94449,5981,100430,3519224.0,588.4006019060358,0.9404460818480533,0.059553918151946626
8,39,41918,2322,44240,1386502.0,597.1154177433248,0.9475135623869801,0.05248643761301989
9,1,24752,66306,91058,24195227.0,364.90252767472026,0.2718267477871247,0.7281732522128753
9,2,93318,139584,232902,84890348.0,608.1667526364054,0.4006749620011851,0.599325037998815
9,3,26152,64276,90428,25801297.0,401.4141670296845,0.2892024594152254,0.7107975405847746
9,4,200539,404826,605365,207389197.0,512.2921872606996,0.3312695646428188,0.6687304353571812
9,5,26219,59801,86020,30208305.0,505.14715472985404,0.30480120902115787,0.6951987909788422
9,6,41905,99268,141173,33605988.0,338.53797799895233,0.29683438051185423,0.7031656194881457
9,7,57431,135904,193335,57701362.0,424.5744201789498,0.297054335738485,0.702945664261515
9,8,36965,89739,126704,39831625.0,443.86080745272403,0.2917429599696931,0.7082570400303069
9,9,70929,110273,181202,55683121.0,504.9569794963409,0.3914360768644938,0.6085639231355062
9,10,27731,80865,108596,28871985.0,357.0393248005936,0.2553593134185421,0.7446406865814579
9,11,36665,93353,130018,40057780.0,429.1000824826197,0.2819994154655509,0.718000584534449
9,12,28159,60664,88823,22250827.0,366.7879961756561,0.3170237438501289,0.6829762561498711
9,13,37331,80208,117539,44918748.0,560.028276481149,0.3176052203949327,0.6823947796050672
9,14,76950,216315,293265,79143268.0,365.8704574347595,0.26239067055393583,0.7376093294460642
9,18,28313,76233,104546,39988692.0,524.5588131124316,0.27081858703345896,0.729181412966541
9,19,46339,99323,145662,38094914.0,383.5457446915619,0.3181268965138471,0.6818731034861528
9,20,70084,165048,235132,65747718.0,398.355133052203,0.298062364969464,0.7019376350305361
9,21,17367,33532,50899,17052860.0,508.55481331265656,0.3412051317314682,0.6587948682685318
9,22,25526,54052,79578,24136431.0,446.5409420557981,0.320767046168539,0.679232953831461
9,23,10630,39338,49968,15409415.0,391.7183130814988,0.2127361511367275,0.7872638488632725
9,24,9092,36259,45351,13597423.0,375.008218649163,0.200480695023263,0.799519304976737
9,25,14842,38890,53732,17371436.0,446.6813062483929,0.2762227350554604,0.7237772649445395
9,26,19578,43780,63358,19742783.0,450.9543855641846,0.3090059660974147,0.6909940339025853
9,27,20659,42663,63322,20060361.0,470.2051191899304,0.32625311897918574,0.6737468810208143
9,28,52588,68555,121143,38659626.0,563.9213186492598,0.4340985446951124,0.5659014553048876
9,29,23310,42570,65880,19205774.0,451.1574817946911,0.35382513661202186,0.6461748633879781
9,30,39410,72137,111547,39905969.0,553.1969585649528,0.3533039884532977,0.6466960115467023
9,31,50184,85888,136072,46166739.0,537.5225759128167,0.36880475042624494,0.6311952495737551
9,32,10616,30109,40725,9067636.0,301.160317513036,0.26067526089625537,0.7393247391037446
9,33,27326,54363,81689,22669804.0,417.00796497617864,0.3345126026760029,0.6654873973239971
9,34,15022,22512,37534,11440493.0,508.1953180525942,0.4002237970906378,0.5997762029093622
9,35,51351,94159,145510,43752871.0,464.67008995422634,0.3529035805099306,0.6470964194900695
9,36,20851,57103,77954,23783268.0,416.49769714375776,0.267478256407625,0.732521743592375
9,38,31743,68404,100147,42034098.0,614.4976609554997,0.3169640628276434,0.6830359371723567
9,39,21999,33127,55126,13100236.0,395.4549461164609,0.39906759061060115,0.6009324093893988
9,40,28654,200249,228903,87346689.0,436.1903879669811,0.12517966125389357,0.8748203387461064
10,1,15313,26877,42190,16329435.0,607.561669829222,0.36295330647072765,0.6370466935292723
10,2,15947,34500,50447,22176740.0,642.8040579710145,0.316113941364204,0.683886058635796
10,3,51378,181213,232591,75351064.0,415.81489186758125,0.22089418765128488,0.7791058123487151
10,4,16865,94631,111496,26117621.0,275.99434646151894,0.15126103178589367,0.8487389682141063
10,5,22604,65303,87907,30725705.0,470.50985406489747,0.2571353817102165,0.7428646182897836
10,6,14549,33873,48422,14660273.0,432.8011395506746,0.30046259964478955,0.6995374003552104
10,7,27507,66108,93615,36002971.0,544.6083832516488,0.29383111680820384,0.7061688831917962
10,8,40917,115623,156540,51415526.0,444.6825112650597,0.26138367190494444,0.7386163280950556
10,9,27527,74336,101863,28955066.0,389.5160622040465,0.2702355124039151,0.7297644875960849
10,10,40958,85489,126447,53048520.0,620.5303606311924,0.3239143672843168,0.6760856327156832
10,11,36990,138704,175694,51728580.0,372.94223670550235,0.21053650096189966,0.7894634990381003
10,12,43411,107548,150959,65356184.0,607.6931602633243,0.2875681476427374,0.7124318523572626
10,13,122007,276903,398910,140724003.0,508.206855830381,0.30585094382191474,0.6941490561780853
10,14,26998,85166,112164,30300851.0,355.7857713171923,0.24070111622267396,0.759298883777326
10,15,47337,126189,173526,57123349.0,452.68089136137064,0.2727948549496905,0.7272051450503094
10,16,6349,24310,30659,9823814.0,404.1058823529412,0.20708437979059982,0.7929156202094002
10,17,29019,88250,117269,37756261.0,427.83298583569405,0.24745670211223766,0.7525432978877623
10,18,61166,127032,188198,76767628.0,604.3172428994269,0.3250087673620336,0.6749912326379663
10,19,17903,32553,50456,16453595.0,505.44020520382145,0.3548240050737276,0.6451759949262724
10,20,43654,85443,129097,53834291.0,630.0608709900167,0.3381488338226295,0.6618511661773705
10,21,11977,36317,48294,12291687.0,338.4554616295399,0.24800182217252661,0.7519981778274734
10,22,29618,54334,83952,35715516.0,657.3327198439283,0.3527968362874023,0.6472031637125977
10,23,8571,24281,32852,10612322.0,437.0628063094601,0.2608973578473152,0.7391026421526847
10,24,31348,75846,107194,42365877.0,558.5776046198877,0.2924417411422281,0.7075582588577719
10,25,9988,48344,58332,16345721.0,338.1127130564289,0.1712267708976205,0.8287732291023795
10,26,22232,56078,78310,21430672.0,382.15827953921325,0.28389733111990806,0.716102668880092
10,27,31367,75110,106477,39069395.0,520.1623618692585,0.2945894418512918,0.7054105581487081
10,28,25368,56160,81528,31552201.0,561.8269408831909,0.31115690314983807,0.6888430968501619
10,29,19223,45847,65070,18806618.0,410.20389556568585,0.2954203165821423,0.7045796834178577
10,30,10389,37786,48175,13958363.0,369.405679352141,0.21565127140633109,0.7843487285936689
10,31,49451,81986,131437,51749248.0,631.1961554411729,0.37623348067895646,0.6237665193210435
10,32,40254,47102,87356,34369762.0,729.6879538023863,0.4608040661202436,0.5391959338797564
10,33,41979,90645,132624,47255132.0,521.3208891830768,0.3165264205573652,0.6834735794426349
11,1,69274,67064,136338,43489032.0,648.4705952522963,0.508104857046458,0.4918951429535419
11,2,23458,16501,39959,12705782.0,770.0007272286529,0.5870517280212217,0.41294827197877826
11,3,9987,14331,24318,10929258.0,762.630521247645,0.41068344436220083,0.5893165556377992
11,4,42894,46302,89196,30325515.0,654.9504341065181,0.4808960043051258,0.5191039956948742
11,5,79776,65008,144784,43761936.0,673.1777012060054,0.5510001105094485,0.4489998894905514
11,6,22861,28409,51270,16907943.0,595.161498116794,0.4458942851570119,0.5541057148429881
11,7,22353,24434,46787,19344926.0,791.7216174183515,0.4777609164938979,0.5222390835061022
11,8,82856,42767,125623,32435654.0,758.427151775902,0.6595607492258583,0.34043925077414167
11,9,6715,21171,27886,11397639.0,538.3609182372113,0.2408018360467618,0.7591981639532381
11,10,17654,19231,36885,12208979.0,634.8592896885237,0.4786227463738647,0.5213772536261353
11,11,34754,19972,54726,12334582.0,617.5937312237132,0.6350546358220955,0.36494536417790446
11,12,19734,7802,27536,3112295.0,398.9098948987439,0.7166618245206275,0.28333817547937246
11,13,35201,26208,61409,18859929.0,719.6248855311355,0.5732221661320002,0.4267778338679998
11,14,28953,22437,51390,17297190.0,770.9225832330526,0.5633975481611209,0.43660245183887914
11,15,42936,33214,76150,24116709.0,726.1007105437466,0.5638345370978333,0.4361654629021668
11,16,50811,38942,89753,28130415.0,722.3669816650403,0.5661203525230355,0.43387964747696456
11,17,24720,18564,43284,12158749.0,654.9638547726782,0.5711117271971167,0.4288882728028833
11,18,44680,32971,77651,19330977.0,586.3024172757878,0.5753950367670732,0.4246049632329268
11,19,32988,21087,54075,14448912.0,685.2047232892303,0.6100416088765603,0.38995839112343966
11,20,10973,12355,23328,7354621.0,595.2748684743019,0.47037894375857336,0.5296210562414266
11,21,13615,36697,50312,25495584.0,694.759353625637,0.2706113849578629,0.729388615042137
11,22,16704,13760,30464,9275026.0,674.0571220930233,0.5483193277310925,0.45168067226890757
11,23,11478,19251,30729,10223890.0,531.0835800737624,0.3735233818217319,0.626476618178268
11,24,8001,11608,19609,4671454.0,402.434011026878,0.40802692641134175,0.5919730735886582
11,26,31838,18491,50329,12869610.0,695.9931858742091,0.6325975083947625,0.3674024916052375
11,27,35317,19638,54955,19270583.0,981.2905081983909,0.6426530797925576,0.35734692020744246
11,29,27554,21036,48590,18286882.0,869.3136527857007,0.5670714138711669,0.4329285861288331
11,30,5569,8871,14440,6044508.0,681.3784240784579,0.38566481994459834,0.6143351800554017
11,31,5097,4567,9664,1858722.0,406.989708780381,0.527421357615894,0.47257864238410596
11,32,9278,12397,21675,7690910.0,620.3847705089942,0.42805074971164936,0.5719492502883506
12,1,5160,9896,15056,5779302.0,584.0038399353274,0.3427205100956429,0.657279489904357
12,2,6183,14863,21046,6360939.0,427.97140550359956,0.2937850422883208,0.7062149577116792
12,3,11843,10592,22435,5533155.0,522.3900113293051,0.5278805437931803,0.4721194562068197
12,4,7948,42975,50923,7564449.0,176.01975567190226,0.15607878561750094,0.8439212143824991
12,5,23921,35065,58986,17987421.0,512.9736489376871,0.40553690706269285,0.5944630929373071
12,6,4468,11388,15856,4558662.0,400.30400421496313,0.2817860746720484,0.7182139253279516
12,7,2709,5096,7805,2509490.0,492.44309262166405,0.347085201793722,0.6529147982062781
12,8,6104,8793,14897,3845186.0,437.3008074604799,0.40974692891186143,0.5902530710881385
12,9,2780,4098,6878,1825776.0,445.5285505124451,0.4041872637394591,0.5958127362605409
12,10,3351,8311,11662,3791512.0,456.20406689929007,0.28734350883210424,0.7126564911678958
12,11,8022,6706,14728,2836455.0,422.9727110050701,0.5446768060836502,0.4553231939163498
12,12,3169,7457,10626,3932236.0,527.3214429395199,0.2982307547524939,0.7017692452475062
12,13,7829,3905,11734,2658966.0,680.9131882202305,0.6672064087267768,0.3327935912732231
12,14,2077,3298,5375,1337376.0,405.5112189205579,0.3864186046511628,0.6135813953488372
12,15,4005,6322,10327,2250941.0,356.04887693767796,0.3878183402730706,0.6121816597269294
12,16,271,384,655,102269.0,266.3255208333333,0.41374045801526715,0.5862595419847328
12,17,199,230,429,91870.0,399.4347826086956,0.46386946386946387,0.5361305361305362
12,18,3476,2377,5853,1489509.0,626.6339924274296,0.5938834785580045,0.40611652144199556
12,19,41389,20369,61758,13997695.0,687.2058029358338,0.6701803814890378,0.32981961851096214
12,20,2807,4161,6968,2353111.0,565.5157414083153,0.40284156142365096,0.597158438576349
12,21,5120,2043,7163,1294252.0,633.5056289769947,0.7147843082507329,0.2852156917492671
12,22,1863,5288,7151,2210190.0,417.96331316187593,0.2605230037756957,0.7394769962243043
13,1,174242,216084,390326,94422920.0,436.97321412043465,0.4464012133447426,0.5535987866552574
13,2,97807,165719,263526,64139500.0,387.0376963413972,0.37114743896237945,0.6288525610376205
13,3,141385,247332,388717,71906258.0,290.7276777772387,0.3637221937810798,0.6362778062189202
13,4,73448,92864,166312,53373653.0,574.7507430220537,0.44162778392419066,0.5583722160758093
13,5,15479,56468,71947,18934468.0,335.3132393568039,0.21514448135433026,0.7848555186456697
13,6,135806,332347,468153,117326668.0,353.02460380265205,0.2900889239201714,0.7099110760798286
13,7,81246,135377,216623,70840373.0,523.2821897368091,0.3750571268978825,0.6249428731021175
13,8,144953,261754,406707,115039678.0,439.49539644093306,0.3564064547696499,0.6435935452303501
13,9,59365,111380,170745,31965170.0,286.9920093374035,0.3476822161703125,0.6523177838296875
13,10,96149,102904,199053,58902806.0,572.405406981264,0.4830321572646481,0.5169678427353519
13,11,24015,27580,51595,17802673.0,645.4921319796954,0.46545207868979555,0.5345479213102045
13,12,116178,143983,260161,65812703.0,457.0866213372412,0.4465619366469225,0.5534380633530775
13,13,43043,83635,126678,27511502.0,328.9472350092665,0.3397827562797013,0.6602172437202987
13,14,58055,58398,116453,30822439.0,527.7995650535977,0.49852730286038144,0.5014726971396185
13,15,49228,79419,128647,38824578.0,488.8575529785064,0.38265952567879546,0.6173404743212045
13,16,88910,151103,240013,48263617.0,319.4087278214198,0.37043826792715395,0.629561732072846
13,17,35184,31491,66675,15268901.0,484.86554888698356,0.5276940382452193,0.4723059617547807
13,18,72565,182174,254739,63088269.0,346.30775522302855,0.2848601902339257,0.7151398097660743
13,19,156945,137393,294338,96221775.0,700.3397189085324,0.533213516433488,0.466786483566512
13,20,130864,275982,406846,86860736.0,314.733337681443,0.3216548767838445,0.6783451232161555
13,21,59484,51062,110546,33287332.0,651.9002780932983,0.5380927396739819,0.46190726032601814
13,22,30655,66083,96738,24770982.0,374.84651120560505,0.3168868490148649,0.6831131509851351
13,23,36371,43806,80177,21912145.0,500.2087613568917,0.4536338351397533,0.5463661648602467
13,24,193599,222681,416280,126039228.0,566.0080024788823,0.46506918420294036,0.5349308157970597
13,25,56085,159079,215164,54341635.0,341.6015627455541,0.26066163484597793,0.7393383651540221
13,26,86661,130825,217486,63229244.0,483.31163004012996,0.39846702776270654,0.6015329722372934
13,27,112876,177211,290087,68522791.0,386.6734627082969,0.3891108529510112,0.6108891470489888
13,28,59683,53176,112859,30160076.0,567.1745900406198,0.528828006627739,0.47117199337226096
13,29,101125,137499,238624,56001063.0,407.2834202430563,0.4237838608019311,0.5762161391980689
13,30,138369,198548,336917,64438818.0,324.55032536212906,0.4106916540275498,0.5893083459724502
13,31,68490,146647,215137,55854747.0,380.8788928515415,0.31835528058864815,0.6816447194113519
13,33,45036,57406,102442,32340064.0,563.3568616520921,0.43962437281583727,0.5603756271841628
13,34,63575,88394,151969,40876018.0,462.4297803018304,0.4183418986767038,0.5816581013232962
13,35,44080,99699,143779,47987940.0,481.32819787560555,0.3065816287496783,0.6934183712503217
13,36,63719,146017,209736,60646380.0,415.33780313251197,0.3038057367357058,0.6961942632642941
13,37,42611,43806,86417,26588705.0,606.9649134821714,0.4930858511635442,0.5069141488364558
13,38,17652,56751,74403,19625438.0,345.81660235061935,0.23724849804443368,0.7627515019555663
13,39,36405,79070,115475,30806899.0,389.6155178955356,0.3152630439489067,0.6847369560510933
13,40,28271,56306,84577,30553666.0,542.6360601001669,0.33426345223878834,0.6657365477612117
13,41,69558,41837,111395,37689050.0,900.8545067762985,0.6244265900623905,0.3755734099376094
13,42,36896,62718,99614,31157104.0,496.7808922478395,0.3703897042584376,0.6296102957415625
13,43,102491,224889,327380,79871805.0,355.16101276629803,0.3130643289144114,0.6869356710855886
13,44,106694,155167,261861,100297860.0,646.3865383747833,0.407445171293167,0.5925548287068331
13,45,36004,64462,100466,33951426.0,526.6889950668611,0.3583699958194812,0.6416300041805187
13,46,49911,63451,113362,24990200.0,393.8503727285622,0.4402798115770717,0.5597201884229284
13,47,62940,105297,168237,52915292.0,502.5337094124239,0.3741150876442162,0.6258849123557838
13,48,83398,154641,238039,53448405.0,345.62894057850116,0.35035435369834356,0.6496456463016564
13,49,73501,141955,215456,52142055.0,367.31397273783944,0.34114157879102924,0.6588584212089708
13,50,76477,62652,139129,27868238.0,444.81003000702293,0.5496841061173443,0.45031589388265564
13,51,65210,126099,191309,53025323.0,420.5054996471027,0.3408621653973415,0.6591378346026585
13,52,44495,50466,94961,21270765.0,421.487040779931,0.4685607775823759,0.5314392224176241
13,53,97949,268256,366205,84377519.0,314.5410317010617,0.26747040592018134,0.7325295940798187
13,54,72633,229436,302069,65577310.0,285.81961854286163,0.24045168487994464,0.7595483151200554
13,55,35285,74084,109369,39787177.0,537.0549241401652,0.322623412484342,0.677376587515658
13,56,49666,165673,215339,55368594.0,334.2040887772902,0.23064098932381036,0.7693590106761896
13,57,82661,130808,213469,60980646.0,466.1843771023179,0.3872271852119043,0.6127728147880956
13,58,63889,117266,181155,40970162.0,349.3780123821056,0.3526758852916011,0.6473241147083989
13,59,30101,52886,82987,20954086.0,396.21234353136936,0.36271946208442285,0.6372805379155771
13,60,42252,79797,122049,35536916.0,445.3415040665689,0.34618882579947396,0.653811174200526
13,61,101037,100198,201235,49409478.0,493.1184055569971,0.5020846274256466,0.49791537257435337
13,62,65497,136602,202099,68210689.0,499.33887497986854,0.3240837411367696,0.6759162588632304
13,63,54734,73459,128193,31418101.0,427.69573503587037,0.4269655909449034,0.5730344090550966
13,64,22292,51059,73351,19588626.0,383.6468791006483,0.3039086038363485,0.6960913961636515
13,65,36024,65817,101841,29460479.0,447.6119999392254,0.35372786991486727,0.6462721300851327
13,66,55633,179945,235578,53652982.0,298.16322765289397,0.23615532859604887,0.7638446714039512
13,67,39424,42715,82139,24675140.0,577.6692028561396,0.4799668854015754,0.5200331145984246
13,68,57828,91452,149280,37598262.0,411.12563967983203,0.387379421221865,0.612620578778135
13,69,39783,37643,77426,19109049.0,507.6388438753553,0.5138196471469533,0.4861803528530468
13,70,13479,52253,65732,31068355.0,594.5755267640136,0.2050599403639019,0.7949400596360982
13,71,28475,40022,68497,20723804.0,517.8103043326171,0.4157116370060003,0.5842883629939998
13,73,36494,48950,85444,16148997.0,329.9080081716037,0.4271101540190066,0.5728898459809934
13,74,25083,33020,58103,17776223.0,538.3471532404603,0.4316988795759255,0.5683011204240744
13,75,8632,1345,9977,840856.0,625.1717472118959,0.865189936854766,0.13481006314523403
13,76,19684,15667,35351,8837681.0,564.0952958447692,0.5568159316568131,0.4431840683431869
14,1,41419,224987,266406,69904938.0,310.7065652682155,0.15547322507751327,0.8445267749224867
14,2,24908,147102,172010,47321424.0,321.6912346535057,0.14480553456194406,0.8551944654380559
14,3,36190,164685,200875,61709249.0,374.710805477123,0.18016179215930306,0.8198382078406969
14,4,39175,157307,196482,63359467.0,402.7758904562416,0.19938213169654218,0.8006178683034578
14,5,58805,188333,247138,73475235.0,390.1346816543038,0.23794398271411116,0.7620560172858889
14,6,81857,258689,340546,104777033.0,405.03087877721896,0.24036987660991466,0.7596301233900853
14,7,39705,205572,245277,71016285.0,345.4569931702761,0.16187820301128927,0.8381217969887107
14,8,19166,94224,113390,39629059.0,420.58349252844283,0.1690272510803422,0.8309727489196578
14,9,25526,100657,126183,35948054.0,357.1341685128704,0.20229349436928906,0.797706505630711
14,10,39461,129295,168756,46366290.0,358.60853087899767,0.23383464884211524,0.7661653511578848
14,11,22588,82965,105553,43251538.0,521.322702344362,0.213996759921556,0.786003240078444
14,12,30521,159000,189521,53205692.0,334.6269937106918,0.16104283957978272,0.8389571604202173
14,13,40450,136427,176877,59792040.0,438.27130993131857,0.22868999361137965,0.7713100063886204
14,14,18593,115121,133714,31732839.0,275.64770111447956,0.13905051079168973,0.8609494892083103
14,15,18210,107046,125256,25544048.0,238.62683332399155,0.14538225713738265,0.8546177428626174
14,16,19886,94089,113975,37015675.0,393.4112914368311,0.1744768589602983,0.8255231410397017
14,17,26045,107770,133815,47623943.0,441.9035260276515,0.19463438329036356,0.8053656167096365
14,18,28112,119927,148039,49599479.0,413.58058652346847,0.1898959058086045,0.8101040941913955
14,19,18293,54284,72577,23992537.0,441.9817441603419,0.25204954737726826,0.7479504526227317
14,20,33212,117405,150617,58171894.0,495.48055023210253,0.22050631734797532,0.7794936826520247
14,23,24052,64571,88623,29601763.0,458.4374254696381,0.27139681572503754,0.7286031842749625
15,1,15971,59886,75857,18674722.0,311.83785859800287,0.2105408861410285,0.7894591138589715
15,2,5269,17319,22588,5949137.0,343.50349327328365,0.23326545068177792,0.766734549318222
15,3,2185,13183,15368,3016656.0,228.829249791398,0.14217855283706404,0.857821447162936
15,4,42299,90165,132464,39864100.0,442.12388399046193,0.3193244957120425,0.6806755042879575
15,5,95122,176288,271410,74053853.0,420.0731360047196,0.3504734534468148,0.6495265465531852
15,6,1354,9892,11246,2014239.0,203.62302871006875,0.12039836386270673,0.8796016361372933
15,7,1100,11083,12183,2224567.0,200.71884868717856,0.09028974800952147,0.9097102519904785
15,8,788,5986,6774,1558696.0,260.390243902439,0.11632713315618541,0.8836728668438146
15,9,56681,131425,188106,55658272.0,423.4983602815294,0.30132478496167053,0.6986752150383294
15,13,1097,13168,14265,1899968.0,144.28675577156744,0.07690150718541885,0.9230984928145811
15,14,448,8332,8780,1081979.0,129.85825732117138,0.0510250569476082,0.9489749430523918
15,15,1377,12058,13435,2221173.0,184.2074141648698,0.10249348716040194,0.897506512839598
15,16,293,0,293,0.0,,1.0,0.0
16,1,24955,59027,83982,17284435.0,292.8225218967591,0.2971470076921245,0.7028529923078755
16,2,67806,97829,165635,47036506.0,480.8032996350775,0.40937000030186854,0.5906299996981315
16,3,74609,85557,160166,47462328.0,554.7451172902275,0.4658229586803691,0.5341770413196308
16,4,44927,62442,107369,23650842.0,378.76496588834436,0.4184354888282465,0.5815645111717535
16,6,21785,56571,78356,19136208.0,338.2688656732248,0.2780259329215376,0.7219740670784625
16,7,47335,78473,125808,25442756.0,324.22305761217234,0.37624793335876894,0.6237520666412311
16,8,36235,37297,73532,21363518.0,572.7945411159075,0.49277865419137246,0.5072213458086275
16,9,46863,54948,101811,31177570.0,567.401361287035,0.46029407431417035,0.5397059256858296
16,10,17228,33722,50950,13009488.0,385.78637091512957,0.33813542688910697,0.6618645731108931
16,11,63778,158674,222452,50548150.0,318.56605366978835,0.2867045474978872,0.7132954525021128
16,12,109206,126908,236114,52373481.0,412.68856967251867,0.46251387041852665,0.5374861295814733
16,13,17587,46203,63790,13634939.0,295.1093868363526,0.27570152061451636,0.7242984793854836
16,14,133165,143516,276681,68225513.0,475.38611025948325,0.4812943425822518,0.5187056574177482
16,17,20218,21876,42094,9626388.0,440.0433351618212,0.4803059818501449,0.519694018149855
16,18,39191,52149,91340,22302006.0,427.65932232641086,0.42906722137070286,0.5709327786292971
16,19,25237,32663,57900,20241987.0,619.7222239230935,0.43587219343696026,0.5641278065630397
16,20,192085,206994,399079,121390679.0,586.4453993835571,0.4813207410061667,0.5186792589938333
16,21,21379,51741,73120,19916832.0,384.93326375601555,0.2923823851203501,0.7076176148796499
16,22,67635,78631,146266,30585118.0,388.970228027114,0.4624109499131719,0.5375890500868281
16,23,303,3293,3596,865676.0,262.8836926814455,0.0842602892102336,0.9157397107897665
16,24,11282,38816,50098,15689039.0,404.18999896949714,0.22519861072298294,0.774801389277017
16,25,1687,3648,5335,2149437.0,589.2097039473684,0.3162136832239925,0.6837863167760075
17,11,38765,162055,200820,67498266.0,416.514553700904,0.19303356239418384,0.8069664376058161
17,13,129953,419221,549174,182730849.0,435.8819071563686,0.2366335624046295,0.7633664375953705
17,14,107366,292531,399897,168325675.0,575.4114093890904,0.26848413466467613,0.7315158653353239
17,15,48446,218367,266813,88674053.0,406.0780841427505,0.18157286189203675,0.8184271381079633
17,16,58088,266670,324758,111535167.0,418.25164810439867,0.1788654936906866,0.8211345063093134
17,17,20439,75298,95737,26653789.0,353.9773831974289,0.21349112673261122,0.7865088732673888
17,18,30889,142209,173098,61972982.0,435.78804435724885,0.1784480467711932,0.8215519532288068
17,19,38214,165010,203224,64369735.0,390.0959638809769,0.18803881431327008,0.8119611856867299
17,20,32822,218632,251454,60931686.0,278.6951864319953,0.13052884424188918,0.8694711557581108
17,21,51304,190660,241964,68144136.0,357.41181160180423,0.21203154188226347,0.7879684581177365
17,22,16013,75155,91168,32795985.0,436.37795223205376,0.1756427693927694,0.8243572306072307
17,23,34440,131961,166401,56804956.0,430.4677594137662,0.20696991003659834,0.7930300899634016
17,24,21956,132220,154176,53691782.0,406.0791256995916,0.14240867579908675,0.8575913242009132
17,25,37436,183617,221053,63997387.0,348.53737399042575,0.1693530510782482,0.8306469489217518
17,26,43371,140350,183721,58293941.0,415.34692554328467,0.2360699103531986,0.7639300896468014
17,27,29643,109883,139526,56535236.0,514.5039360046595,0.21245502630334132,0.7875449736966587
17,28,14320,98544,112864,33491255.0,339.86092506900474,0.12687836688403742,0.8731216331159626
17,29,29479,110107,139586,39345350.0,357.3374081575195,0.21118880116917169,0.7888111988308283
17,30,20596,104635,125231,41405174.0,395.7105557413867,0.16446407039790467,0.8355359296020953
17,31,119619,294696,414315,131586758.0,446.5169462768412,0.28871510806994677,0.7112848919300532
17,32,18362,100332,118694,22678518.0,226.0347446477694,0.1547003218359816,0.8452996781640184
17,33,6581,38088,44669,12402314.0,325.6226107960513,0.14732812465020484,0.8526718753497952
17,34,4295,36559,40854,14890121.0,407.2901611094395,0.10513046458119156,0.8948695354188084
17,35,26632,94763,121395,36740809.0,387.71259879910934,0.21938300588986367,0.7806169941101363
17,36,8798,61105,69903,19665192.0,321.8262335324442,0.1258601204526272,0.8741398795473728
17,37,18875,76156,95031,31049287.0,407.7063790115027,0.19861939788069155,0.8013806021193084
17,38,11868,68548,80416,21904877.0,319.5553043123067,0.1475825706327099,0.8524174293672901
17,39,17434,58083,75517,15866338.0,273.16664084155434,0.23086192512944106,0.769138074870559
17,40,10421,42860,53281,17337801.0,404.5217218852076,0.19558566843715397,0.804414331562846
17,41,7162,56681,63843,14726660.0,259.81651699864153,0.1121814451075294,0.8878185548924706
17,42,8488,30325,38813,14055527.0,463.4963561417972,0.2186896143044856,0.7813103856955144
17,43,5154,25172,30326,6192667.0,246.0141029715557,0.1699531754929763,0.8300468245070237
18,1,9938,35721,45659,12421555.0,347.7381652249377,0.2176569789088679,0.7823430210911321
18,2,28898,108543,137441,28234084.0,260.118883760353,0.21025749230578938,0.7897425076942106
18,3,50248,182915,233163,47676003.0,260.64567148675616,0.21550589072880347,0.7844941092711966
18,4,11328,28913,40241,17193665.0,594.6690070210632,0.2815039387689173,0.7184960612310827
18,5,5081,25607,30688,6505443.0,254.04940055453588,0.16556960375391033,0.8344303962460897
18,6,18537,50414,68951,22786040.0,451.97841869322014,0.2688430914707546,0.7311569085292454
18,7,39645,88010,127655,39432106.0,448.04119986365185,0.31056362853002234,0.6894363714699777
18,9,5224,29916,35140,8311500.0,277.82791817087843,0.14866249288560046,0.8513375071143996
18,10,13926,53364,67290,19543641.0,366.2326849561502,0.2069549710209541,0.7930450289790459
18,11,8047,14505,22552,7284128.0,502.18048948638403,0.3568197942532813,0.6431802057467187
18,12,10876,24260,35136,8922558.0,367.7888705688376,0.309540072859745,0.6904599271402551
18,13,2133,15330,17463,4931992.0,321.7215916503588,0.1221439615186394,0.8778560384813606
18,15,4907,17614,22521,5837248.0,331.39820597252185,0.2178855290617646,0.7821144709382354
18,16,3333,10031,13364,3286869.0,327.6711195294587,0.24940137683328345,0.7505986231667165
18,17,1717,5919,7636,1715429.0,289.8173677986146,0.2248559455212153,0.7751440544787846
18,18,12203,20785,32988,8572582.0,412.44079865287466,0.3699223960227962,0.6300776039772038
18,19,2860,16088,18948,3040566.0,188.9958975634013,0.1509394131306734,0.8490605868693266
18,20,4820,11203,16023,5032013.0,449.1665625278943,0.30081757473631654,0.6991824252636835
18,21,9540,9895,19435,9940891.0,1004.6377968671046,0.4908669925392333,0.5091330074607666
18,22,1126,6245,7371,3088803.0,494.6041633306645,0.1527608194274861,0.8472391805725139
18,23,10527,31115,41642,11237036.0,361.145299694681,0.2527976562124778,0.7472023437875223
18,24,4981,11021,16002,4667685.0,423.5264495054895,0.31127359080114986,0.6887264091988502
18,25,3377,7272,10649,4505208.0,619.5280528052805,0.3171189783078223,0.6828810216921777
19,1,2909,6780,9689,2121835.0,312.95501474926255,0.30023738259882343,0.6997626174011766
19,2,273,376,649,82441.0,219.25797872340425,0.4206471494607088,0.5793528505392912
20,1,8580,34303,42883,16272542.0,474.37664344226454,0.2000792854977497,0.7999207145022503
20,2,2472,7296,9768,3732646.0,511.6016995614035,0.25307125307125306,0.7469287469287469
20,3,2698,5509,8207,3163114.0,574.1720820475585,0.3287437553308152,0.6712562446691849
20,5,1764,10620,12384,3757267.0,353.7916195856874,0.14244186046511628,0.8575581395348837
20,6,1396,9857,11253,4683574.0,475.1520746677488,0.12405580734026482,0.8759441926597352
20,9,3589,6141,9730,4971262.0,809.519947891223,0.3688591983556012,0.6311408016443988
20,10,1250,3391,4641,1724697.0,508.61014450014744,0.26933850463262227,0.7306614953673777
20,11,354,2989,3343,983848.0,329.1562395449983,0.1058929105593778,0.8941070894406222
21,1,4880,24096,28976,5112998.0,212.19281208499336,0.1684152401987852,0.8315847598012148
21,2,644,2170,2814,463766.0,213.71705069124425,0.22885572139303484,0.7711442786069652
21,3,591,100,691,50348.0,503.48,0.8552821997105644,0.1447178002894356
21,4,104,1279,1383,183868.0,143.75918686473807,0.07519884309472162,0.9248011569052784
21,5,255,99,354,56446.0,570.1616161616162,0.7203389830508474,0.2796610169491525
21,7,7,0,7,0.0,,1.0,0.0
22,1,111669,357213,468882,154221164.0,431.7344665507694,0.23816013410623568,0.7618398658937643
22,2,55177,368182,423359,102528411.0,278.472089890326,0.13033146809209206,0.8696685319079079
22,3,18244,71162,89406,32924580.0,462.67080745341616,0.20405789320627252,0.7959421067937275
22,4,14767,79783,94550,26667371.0,334.24878733564793,0.15618191433104178,0.8438180856689582
22,5,51417,224335,275752,74674114.0,332.86876323355693,0.1864610229481563,0.8135389770518436
22,6,17870,98665,116535,38650944.0,391.7391577560432,0.1533444887801948,0.8466555112198052
22,8,47812,229840,277652,94208671.0,409.8880569091542,0.17220117269099447,0.8277988273090056
22,9,9684,50526,60210,22382237.0,442.98454261172463,0.16083707025411062,0.8391629297458894
22,10,23609,83844,107453,48105827.0,573.7539597347455,0.21971466594697217,0.7802853340530278
22,11,19289,102446,121735,35223364.0,343.823712004373,0.15845073314987473,0.8415492668501253
22,12,13671,70290,83961,30095418.0,428.1607341015792,0.1628255975988852,0.8371744024011148
22,13,11822,63661,75483,21612604.0,339.49520114355727,0.15661804644754448,0.8433819535524555
22,14,13950,52515,66465,20082865.0,382.42149861944205,0.2098849018280298,0.7901150981719702
22,15,10684,53845,64529,20043051.0,372.236066487139,0.16556896899068635,0.8344310310093136
22,16,7572,45778,53350,17938468.0,391.8578356415746,0.14193064667291472,0.8580693533270853
22,17,29837,172077,201914,50231739.0,291.9143116163113,0.14777083312697484,0.8522291668730252
22,18,27464,96808,124272,52535557.0,542.6778468721593,0.22099909875112655,0.7790009012488734
22,19,31255,132801,164056,52771723.0,397.3744399515064,0.19051421465840931,0.8094857853415907
22,21,9006,35131,44137,17306719.0,492.63382767356467,0.2040464916056823,0.7959535083943177
22,23,15697,55495,71192,25059901.0,451.5704297684476,0.22048825710754016,0.7795117428924598
22,24,24765,84061,108826,38976184.0,463.6654810197357,0.2275651039273703,0.7724348960726297
22,26,12728,90711,103439,33590971.0,370.30758121947724,0.12304836667021143,0.8769516333297885
23,1,94775,225914,320689,85160540.0,376.95999362589305,0.2955355500188656,0.7044644499811343
23,2,17723,68079,85802,24688609.0,362.6464695427371,0.2065569567142957,0.7934430432857043
23,3,18077,59650,77727,25871306.0,433.71845766974013,0.2325704066797895,0.7674295933202104
23,4,6171,33153,39324,13846695.0,417.6603927246403,0.15692706743973145,0.8430729325602685
23,5,7072,25937,33009,9841427.0,379.43582526892084,0.21424459995758732,0.7857554000424126
23,6,6911,19785,26696,7351224.0,371.55542077331313,0.25887773449205875,0.7411222655079412
23,7,8661,47027,55688,15039736.0,319.8106619601505,0.15552722310012929,0.8444727768998707
23,8,3831,19059,22890,5823463.0,305.5492418280078,0.1673656618610747,0.8326343381389253
23,9,9158,33275,42433,13334856.0,400.7469872276484,0.2158225909080197,0.7841774090919803
23,10,13210,74483,87693,20965167.0,281.475866976357,0.15063916162065388,0.8493608383793462
23,11,21107,55780,76887,23661611.0,424.19524919325926,0.27451974976263865,0.7254802502373613
23,12,6783,28296,35079,13962906.0,493.4586513994911,0.19336355084238432,0.8066364491576157
23,13,11567,39934,51501,14903934.0,373.2141533530325,0.22459758062950233,0.7754024193704977
23,14,22672,76110,98782,37919358.0,498.2178163184864,0.22951549877508048,0.7704845012249195
23,15,34552,83493,118045,41036889.0,491.5009521756315,0.2927019357024863,0.7072980642975136
23,16,18738,75140,93878,37879640.0,504.12084109661964,0.19959948017639917,0.8004005198236008
23,17,15077,35078,50155,18697043.0,533.0133702035464,0.30060811484398364,0.6993918851560164
23,18,9216,45996,55212,19663299.0,427.5001956691886,0.1669202347315801,0.8330797652684199
23,19,21374,56533,77907,30766721.0,544.2258680770524,0.27435275392455105,0.725647246075449
23,20,29384,125332,154716,44425005.0,354.45859796380813,0.18992217999431216,0.8100778200056878
23,21,21765,50175,71940,27453601.0,547.1569706028899,0.30254378648874064,0.6974562135112594
23,22,10872,25528,36400,11692080.0,458.01002820432467,0.2986813186813187,0.7013186813186814
23,23,19739,80337,100076,36891917.0,459.214521328902,0.19724009752588034,0.8027599024741197
23,24,18279,51014,69293,25821451.0,506.1640138001333,0.263792879511639,0.736207120488361
23,25,16478,55789,72267,26713672.0,478.8340353833193,0.22801555343379412,0.7719844465662059
23,26,15763,64782,80545,22466706.0,346.80476058164305,0.19570426469675337,0.8042957353032466
23,27,19654,77190,96844,33489422.0,433.8570022023578,0.2029449423815621,0.7970550576184379
23,28,24605,57835,82440,23458497.0,405.610737442725,0.29845948568655994,0.7015405143134401
23,29,25186,65948,91134,28902198.0,438.2573846060533,0.2763622797199728,0.7236377202800273
23,30,22068,50993,73061,21672523.0,425.00976604632007,0.3020489727761733,0.6979510272238266
23,31,25529,44335,69864,28589530.0,644.8523739709034,0.36540993931066074,0.6345900606893393
23,32,40365,88858,129223,50553714.0,568.9269846271579,0.31236699349187064,0.6876330065081293
23,33,20119,67425,87544,25414888.0,376.9356766777901,0.22981586402266288,0.7701841359773371
23,34,24439,96314,120753,34665358.0,359.92024004817574,0.2023883464593012,0.7976116535406987
23,35,27238,64732,91970,34704523.0,536.1262281406414,0.2961617918886593,0.7038382081113407
23,36,22823,84178,107001,35150106.0,417.56879469695167,0.2132970719899814,0.7867029280100186
23,37,18410,81879,100289,29960601.0,365.91312790825486,0.18356948419068891,0.8164305158093111
23,38,29737,103631,133368,44354774.0,428.0068126332854,0.22296952792274008,0.77703047207726
23,39,23066,55444,78510,27488181.0,495.7827898420027,0.29379696853903964,0.7062030314609604
23,40,28002,101213,129215,50843858.0,502.34513353027774,0.21670858646441976,0.7832914135355802
23,41,9549,47929,57478,17052684.0,355.7905234826514,0.1661331291972581,0.8338668708027419
23,42,28759,71525,100284,33635664.0,470.2644390073401,0.2867755574169359,0.7132244425830641
23,43,40360,156373,196733,58950313.0,376.98524041874236,0.2051511439361978,0.7948488560638022
23,44,57340,199858,257198,71084183.0,355.6734431446327,0.22294108041275593,0.777058919587244
23,45,51456,142280,193736,67391528.0,473.6542592071971,0.2655985464756163,0.7344014535243837
23,46,55473,104364,159837,56791295.0,544.1655647541298,0.34705981718876106,0.652940182811239
23,47,180047,403495,583542,155031875.0,384.222543030273,0.3085416302511216,0.6914583697488784
23,48,13723,19603,33326,15072841.0,768.9048104881906,0.41178059173018067,0.5882194082698193
23,49,6894,27321,34215,10562377.0,386.6028695874968,0.20149057430951337,0.7985094256904867
23,50,59695,351265,410960,95840092.0,272.8427028027273,0.14525744598014406,0.854742554019856
24,1,213,7587,7800,571953.0,75.38592328983788,0.027307692307692307,0.9726923076923077
24,2,22,938,960,112947.0,120.41257995735607,0.022916666666666665,0.9770833333333333
24,3,101,3938,4039,213973.0,54.33544946673438,0.02500618965090369,0.9749938103490963
24,4,929,14510,15439,2279620.0,157.1068228807719,0.0601722909514865,0.9398277090485135
25,1,1946,17670,19616,2507189.0,141.8895868704018,0.0992047308319739,0.9007952691680261
25,2,5132,36201,41333,8035680.0,221.97397861937515,0.12416229163138412,0.8758377083686159
25,3,681,7126,7807,576913.0,80.95888296379455,0.08722940950429102,0.912770590495709
25,4,934,8262,9196,805620.0,97.50907770515613,0.10156589821661592,0.8984341017833841
25,5,227,1139,1366,173185.0,152.05004389815628,0.16617862371888725,0.8338213762811127
25,6,168,1338,1506,96451.0,72.08594917787742,0.11155378486055777,0.8884462151394422
25,8,38,704,742,55693.0,79.109375,0.05121293800539083,0.9487870619946092
25,9,211,919,1130,101568.0,110.52013057671383,0.18672566371681415,0.8132743362831858
26,1,19051,73056,92107,26277558.0,359.6906208935611,0.20683552824432452,0.7931644717556755
26,2,43096,75179,118275,31840109.0,423.52397611034996,0.3643711688860706,0.6356288311139294
26,3,35514,84790,120304,36413892.0,429.45974761174665,0.29520215454182736,0.7047978454581726
26,4,47320,106405,153725,36352248.0,341.6404116347916,0.30782241014799155,0.6921775898520085
26,5,64906,119584,184490,41506908.0,347.09415975381324,0.351813106401431,0.6481868935985691
26,6,68178,192343,260521,67086019.0,348.7832621930614,0.2616986730436318,0.7383013269563682
26,7,64152,113947,178099,40037252.0,351.36731989433684,0.36020415611541895,0.639795843884581
26,8,76314,225256,301570,91805556.0,407.56097950776007,0.25305567529926715,0.7469443247007328
26,9,67570,127511,195081,54681713.0,428.8391825019018,0.34636894418216024,0.6536310558178398
26,10,44488,110353,154841,37189941.0,337.0088805922811,0.28731408347918186,0.7126859165208181
26,11,48376,134993,183369,42875925.0,317.61591341773277,0.26381776636181686,0.7361822336381831
27,1,40358,184423,224781,79075634.0,428.77316820570104,0.17954364470306655,0.8204563552969335
29,1,19983,83228,103211,38907880.0,467.4854616234921,0.19361308387671858,0.8063869161232814
29,2,90440,302639,393079,157415928.0,520.1442246372741,0.23008097608877603,0.7699190239112239
29,3,49607,76147,125754,61212862.0,803.8775263634811,0.39447651764556196,0.605523482354438
29,4,39380,103487,142867,55872670.0,539.9003739600143,0.2756409807723267,0.7243590192276733
29,5,40698,85468,126166,54148849.0,633.556992090607,0.32257502021146744,0.6774249797885326
29,6,25454,51582,77036,33032432.0,640.3868015974565,0.3304169479204528,0.6695830520795473
29,7,57921,47799,105720,33484196.0,700.5208477164795,0.5478717366628831,0.4521282633371169
29,8,19032,59127,78159,34302602.0,580.1512337849036,0.24350362722143323,0.7564963727785667
29,9,99658,170331,269989,95048120.0,558.020090294779,0.369118741874669,0.630881258125331
29,10,48871,93832,142703,61660140.0,657.1333873305482,0.3424665213765653,0.6575334786234347
30,1,27690,127418,155108,40303541.0,316.309634431556,0.1785207726229466,0.8214792273770534
30,2,14335,112867,127202,23259235.0,206.07648825608902,0.11269476895017375,0.8873052310498263
31,1,161,2953,3114,422322.0,143.01456146291906,0.05170199100834939,0.9482980089916506
31,2,492,7548,8040,2097377.0,277.8718865924748,0.06119402985074627,0.9388059701492537
32,1,1368,7661,9029,3599161.0,469.8030283252839,0.15151179532617123,0.8484882046738288
33,1,102,247,349,98609.0,399.2267206477733,0.2922636103151863,0.7077363896848138
33,2,154,424,578,110686.0,261.0518867924528,0.2664359861591695,0.7335640138408305
